-7.000000000000000000e+01 1.928208839719959045e+01 8.567750889696220673e-01 7.543278306246152809e-01 2.013886348616921396e+01
-6.900000000000000000e+01 1.923365849864951116e+01 8.671340839039914927e-01 7.317828740700577095e-01 2.010079258255350254e+01
-6.800000000000000000e+01 1.918608764378532427e+01 8.766782516384273860e-01 7.083838806495293960e-01 2.006276589542375177e+01
-6.700000000000000000e+01 1.913936734130626149e+01 8.853127293074276594e-01 6.841300314289903151e-01 2.002468007061369093e+01
-6.600000000000000000e+01 1.909348914855649326e+01 8.929357414193699327e-01 6.590257406758356362e-01 1.998642488997586497e+01
-6.500000000000000000e+01 1.904844467139773911e+01 8.994381686846899537e-01 6.330816958159133367e-01 1.994788284008242840e+01
-6.400000000000000000e+01 1.900422556408190644e+01 9.047030919853416009e-01 6.063161109888046685e-01 1.990892865606724627e+01
-6.300000000000000000e+01 1.896082352912371860e+01 9.086053101190263437e-01 5.787562513352427773e-01 1.986942883924274383e+01
-6.200000000000000000e+01 1.891823031717334658e+01 9.110108298789885151e-01 5.504403047091738221e-01 1.982924114705233620e+01
-6.100000000000000000e+01 1.887643772688903354e+01 9.117763269535295034e-01 5.214197049186812816e-01 1.978821405384256238e+01
-6.000000000000000000e+01 1.883543760480971585e+01 9.107485760489577586e-01 4.917620491925763782e-01 1.974618618085867183e+01
-5.900000000000000000e+01 1.879522184522766537e+01 9.077638485552099734e-01 4.615548068690206729e-01 1.970298569378287468e+01
-5.800000000000000000e+01 1.875578239006111048e+01 9.026472759835321158e-01 4.309100919036618627e-01 1.965842966604464337e+01
-5.700000000000000000e+01 1.871711122872686417e+01 8.952121773131822557e-01 3.999708740427108666e-01 1.961232340604004776e+01
-5.600000000000000000e+01 1.867920039801295573e+01 8.852593482839945516e-01 3.689191324613129708e-01 1.956445974629695073e+01
-5.500000000000000000e+01 1.864204198195125528e+01 8.725763105694501753e-01 3.379865908236215355e-01 1.951461829252070501e+01
-5.400000000000000000e+01 1.860562811169010189e+01 8.569365186547142077e-01 3.074687307212423115e-01 1.946256463034481499e+01
-5.300000000000000000e+01 1.856995096536694234e+01 8.380985221302000854e-01 2.777425062602297268e-01 1.940804948749714143e+01
-5.200000000000000000e+01 1.853500276798093793e+01 8.158050809901805644e-01 2.492868938744469687e-01 1.935080784897111883e+01
-5.100000000000000000e+01 1.850077579126561744e+01 7.897822313993164700e-01 2.227014958588107996e-01 1.929055802266493558e+01
-5.000000000000000000e+01 1.846726235356149104e+01 7.599020082012574173e-01 1.986440609011462799e-01 1.922716436176274968e+01
-4.900000000000000000e+01 1.843445481968868194e+01 7.268418033917978249e-01 1.775475280771618702e-01 1.916129662308048154e+01
-4.800000000000000000e+01 1.840234560081955451e+01 6.913693959807133416e-01 1.596634233732126817e-01 1.909371499680026929e+01
-4.700000000000000000e+01 1.837092715435134238e+01 6.535930433478661650e-01 1.446421154646316265e-01 1.902452019769920710e+01
-4.600000000000000000e+01 1.834019198377877657e+01 6.134376671009421633e-01 1.322040978932320920e-01 1.895362965087971929e+01
-4.500000000000000000e+01 1.831013263856672069e+01 5.708163805335286778e-01 1.225281933827128134e-01 1.888094901910024959e+01
-4.400000000000000000e+01 1.828074171402278481e+01 5.256303064925694768e-01 1.163259552918451678e-01 1.880637202051535439e+01
-4.300000000000000000e+01 1.825201185116996783e+01 4.777815188773659183e-01 1.142448549085973014e-01 1.872979337004733225e+01
-4.200000000000000000e+01 1.822393573661928201e+01 4.272031509280366790e-01 1.156990241585175716e-01 1.865113888754731875e+01
-4.100000000000000000e+01 1.819650610244237399e+01 3.738249583023365297e-01 1.200080732131690725e-01 1.857033106074471007e+01
-4.000000000000000000e+01 1.816971572604416707e+01 3.177199912503329005e-01 1.263135542900107045e-01 1.848743571729449897e+01
-3.900000000000000000e+01 1.814355743003547161e+01 2.593940263643589872e-01 1.328133464760806182e-01 1.840295145639982977e+01
-3.800000000000000000e+01 1.811802408210563442e+01 1.994217330205056704e-01 1.379542215565100483e-01 1.831744581512613834e+01
-3.700000000000000000e+01 1.809310859489515266e+01 1.383703478940322418e-01 1.406785311569171970e-01 1.823147894278918457e+01
-3.600000000000000000e+01 1.806880392586829842e+01 7.680212338823114160e-02 1.403374283221658081e-01 1.814560604925652854e+01
-3.500000000000000000e+01 1.804510307718576101e+01 1.527676069356087574e-02 1.366070926459241330e-01 1.806037983787932077e+01
-3.400000000000000000e+01 1.802199909557727153e+01 -4.564616515609310615e-02 1.294434542410595468e-01 1.797635293042117866e+01
-3.300000000000000000e+01 1.799948507221422744e+01 -1.054047808846401146e-01 1.190846910528391145e-01 1.789408029132958688e+01
-3.200000000000000000e+01 1.797755414258231355e+01 -1.634324838892275145e-01 1.061183344824378066e-01 1.781412165869308595e+01
-3.100000000000000000e+01 1.795619948635415142e+01 -2.191554971094132331e-01 9.165869272621723907e-02 1.773704398924473935e+01
-3.000000000000000000e+01 1.793541432726190976e+01 -2.719904024523270847e-01 7.771388882347131377e-02 1.766342392480958168e+01
-2.900000000000000000e+01 1.791519193296993251e+01 -3.213381346514262438e-01 6.763928617946603217e-02 1.759385379831850571e+01
-2.800000000000000000e+01 1.789552561494738470e+01 -3.662588922101929212e-01 6.433541464778520791e-02 1.752926672273719078e+01
-2.700000000000000000e+01 1.787640872834086636e+01 -4.052235821332151877e-01 6.763610134530549656e-02 1.747118514620765239e+01
-2.600000000000000000e+01 1.785783467184703355e+01 -4.375854671714233257e-01 7.496716033188605133e-02 1.742024920467560989e+01
-2.500000000000000000e+01 1.783979688758525128e+01 -4.641999493794525811e-01 8.220821945141380815e-02 1.737559693820579909e+01
-2.400000000000000000e+01 1.782228886097019682e+01 -4.860332181463311585e-01 8.678039859657143973e-02 1.733625564282386478e+01
-2.300000000000000000e+01 1.780530412058450906e+01 -5.040309831804153928e-01 8.742121846493838833e-02 1.730127313740409534e+01
-2.200000000000000000e+01 1.778883623805139891e+01 -5.191220905253707274e-01 8.367452510937940791e-02 1.726971414752602740e+01
-2.100000000000000000e+01 1.777287882790728801e+01 -5.322220872807700287e-01 7.565755653728116481e-02 1.724065674062651965e+01
-2.000000000000000000e+01 1.775742554747443691e+01 -5.442367454186439746e-01 6.404582070332197341e-02 1.721318880205579305e+01
-1.900000000000000000e+01 1.774247009673356956e+01 -5.560655549776896134e-01 5.030660221254699971e-02 1.718640454175588062e+01
-1.800000000000000000e+01 1.772800621819650502e+01 -5.686051968354518538e-01 3.743051401771741588e-02 1.715940102136105239e+01
-1.700000000000000000e+01 1.771402769677878197e+01 -5.826507699430980569e-01 3.044650764393547551e-02 1.713137692683568503e+01
-1.600000000000000000e+01 1.770052835967229043e+01 -5.970497498420949123e-01 2.771738255130828596e-02 1.710347860983019430e+01
-1.500000000000000000e+01 1.768750207621790338e+01 -6.088971086789193299e-01 2.389894938496412921e-02 1.707860496753898261e+01
-1.400000000000000000e+01 1.767494275777809420e+01 -6.155081369635144739e-01 2.206731183683161013e-02 1.705943462081457795e+01
-1.300000000000000000e+01 1.766284435760957550e+01 -6.184627940838823834e-01 2.677242447613897500e-02 1.704438156352569322e+01
-1.200000000000000000e+01 1.765120087073592359e+01 -6.195035608883463496e-01 3.296993351086163759e-02 1.703169730984757635e+01
-1.100000000000000000e+01 1.764000633382021022e+01 -6.179463878868105553e-01 3.518672472312819877e-02 1.702205994593339966e+01
-1.000000000000000000e+01 1.762925482503762709e+01 -6.130342836523723360e-01 3.269086347673680337e-02 1.701622054138525542e+01
-9.000000000000000000e+00 1.761894046394810687e+01 -6.037232050137848471e-01 2.775876616844659417e-02 1.701521725893432091e+01
-8.000000000000000000e+00 1.760905741136897262e+01 -5.861144850667776574e-01 2.350569187634363871e-02 1.702294292630219630e+01
-7.000000000000000000e+00 1.759959986924754460e+01 -5.557759045488523952e-01 2.367978178952178520e-02 1.704382396469869221e+01
-6.000000000000000000e+00 1.759056208053378256e+01 -5.137498566280154222e-01 3.432563491711099896e-02 1.707681222390576892e+01
-5.000000000000000000e+00 1.758193832905290321e+01 -4.701120792417035066e-01 5.513256190655963646e-02 1.711182624981119815e+01
-4.000000000000000000e+00 1.757372293937802610e+01 -4.295212056481624852e-01 8.177758945594708340e-02 1.714420173372986511e+01
-3.000000000000000000e+00 1.756591027670277683e+01 -3.918363236544365469e-01 1.115772422690163301e-01 1.717407395304833884e+01
-2.000000000000000000e+00 1.755849474671393651e+01 -3.568889317690583929e-01 1.432181573541696229e-01 1.720160581494487673e+01
-1.000000000000000000e+00 1.755147079546406630e+01 -3.245197382737973757e-01 1.759139192667677487e-01 1.722695105719026998e+01
0.000000000000000000e+00 1.754483290924412131e+01 -2.945781717877575256e-01 2.091250237052715566e-01 1.725025473745636262e+01
1.000000000000000000e+00 1.753857561445610003e+01 -2.669219160809180869e-01 2.424521945820437563e-01 1.727165369837518227e+01
2.000000000000000000e+00 1.753269347748566176e+01 -2.414164678941406184e-01 2.755869011388935030e-01 1.729127700959152136e+01
3.000000000000000000e+00 1.752718110457474765e+01 -2.179347165791665486e-01 3.082845100087986401e-01 1.730924638799558224e+01
4.000000000000000000e+00 1.752203314169423010e+01 -1.963565444299909812e-01 3.403479330427364724e-01 1.732567659726423770e+01
5.000000000000000000e+00 1.751724427441651599e+01 -1.765684466274876352e-01 3.716167952795567109e-01 1.734067582778902761e+01
6.000000000000000000e+00 1.751280922778819615e+01 -1.584631697707220843e-01 4.019598053335568522e-01 1.735434605801747310e+01
7.000000000000000000e+00 1.750872276620266277e+01 -1.419393680146218417e-01 4.312691308572191851e-01 1.736678339818804062e+01
8.000000000000000000e+00 1.750497969327274106e+01 -1.269012758797441465e-01 4.594561067010330402e-01 1.737807841739299519e+01
9.000000000000000000e+00 1.750157485170331384e+01 -1.132583968412402137e-01 4.864478718399358748e-01 1.738831645486207478e+01
1.000000000000000000e+01 1.749850312316395318e+01 -1.009252068461030799e-01 5.121846786885266845e-01 1.739757791631785011e+01
1.100000000000000000e+01 1.749575942816155560e+01 -8.982087194406349062e-02 5.366177045783989685e-01 1.740593855621749242e+01
1.200000000000000000e+01 1.749333872591295602e+01 -7.986897925536483311e-02 5.597072480624150081e-01 1.741346974665759006e+01
1.300000000000000000e+01 1.749123601421756291e+01 -7.099728053235747349e-02 5.814212266034333165e-01 1.742023873368520626e+01
1.400000000000000000e+01 1.748944632932999355e+01 -6.313744760337226813e-02 6.017339147322572357e-01 1.742630888172662296e+01
1.500000000000000000e+01 1.748796474583269500e+01 -5.622483901944327206e-02 6.206248771935981567e-01 1.743173990681325236e+01
1.600000000000000000e+01 1.748678637650856871e+01 -5.019827725179798472e-02 6.380780624883995999e-01 1.743658809925677033e+01
1.700000000000000000e+01 1.748590637221360566e+01 -4.499983581607706895e-02 6.540810300693359336e-01 1.744090653639752730e+01
1.800000000000000000e+01 1.748531992174951810e+01 -4.057463572473957170e-02 6.686242902436978497e-01 1.744474528602478003e+01
1.900000000000000000e+01 1.748502225173636049e+01 -3.687065069259334860e-02 6.817007401932850819e-01 1.744815160104376872e+01
2.000000000000000000e+01 1.748500862648515763e+01 -3.383852054382770203e-02 6.933051828623892909e-01 1.745117010594132978e+01
2.100000000000000000e+01 1.748527434787053636e+01 -3.143137228926467380e-02 7.034339180625351906e-01 1.745384297558127074e+01
2.200000000000000000e+01 1.748581475520335715e+01 -2.960464836320369011e-02 7.120843972085210138e-01 1.745621010684015317e+01
2.300000000000000000e+01 1.748662522510333872e+01 -2.831594152660725505e-02 7.192549347611209010e-01 1.745830928357673173e+01
2.400000000000000000e+01 1.748770117137167901e+01 -2.752483596187896980e-02 7.249444708123417014e-01 1.746017633540979830e+01
2.500000000000000000e+01 1.748903804486369751e+01 -2.719275409958760159e-02 7.291523803927386638e-01 1.746184529076410996e+01
2.600000000000000000e+01 1.749063133336145981e+01 -2.728280873246751934e-02 7.318783260469914342e-01 1.746334852462899079e+01
2.700000000000000000e+01 1.749247656144639507e+01 -2.775965998584319777e-02 7.331221510717923495e-01 1.746471690146055167e+01
2.800000000000000000e+01 1.749456929037194186e+01 -2.858937672623888468e-02 7.328838115671907349e-01 1.746597991364570390e+01
2.900000000000000000e+01 1.749690511793615855e+01 -2.973930200092191403e-02 7.311633461453439509e-01 1.746716581593523543e+01
3.000000000000000000e+01 1.749947967835437268e+01 -3.117792211206901407e-02 7.279608828010644128e-01 1.746830175624230463e+01
3.100000000000000000e+01 1.750228864213178070e+01 -3.287473893819526510e-02 7.232766830890816623e-01 1.746941390319358689e+01
3.200000000000000000e+01 1.750532771593610804e+01 -3.480014512376729957e-02 7.171112244037932681e-01 1.747052757081234020e+01
3.300000000000000000e+01 1.750859264247021585e+01 -3.692530176602905334e-02 7.094653218355513324e-01 1.747166734070418670e+01
3.400000000000000000e+01 1.751207920034473986e+01 -3.922201823293985923e-02 7.003402918059239424e-01 1.747285718211179883e+01
3.500000000000000000e+01 1.751578320395070421e+01 -4.166263375325179180e-02 6.897381604969557989e-01 1.747412057019745291e+01
3.600000000000000000e+01 1.751970050333217799e+01 -4.421990042283383687e-02 6.776619210108095759e-01 1.747548060290934302e+01
3.700000000000000000e+01 1.752382698405887140e+01 -4.686686727569461947e-02 6.641158442756086577e-01 1.747696011678317518e+01
3.800000000000000000e+01 1.752815856709878517e+01 -4.957676507015221917e-02 6.491058500026297695e-01 1.747858180202863210e+01
3.900000000000000000e+01 1.753269120869083153e+01 -5.232289144298735845e-02 6.326399455696395391e-01 1.748036831724784435e+01
4.000000000000000000e+01 1.753742090021746947e+01 -5.507849608408599273e-02 6.147287426607964678e-01 1.748234240413338370e+01
4.100000000000000000e+01 1.754234366807731504e+01 -5.781666558521541405e-02 5.953860639673440591e-01 1.748452700249210068e+01
4.200000000000000000e+01 1.754745557355779795e+01 -6.051020761455751240e-02 5.746296554498740994e-01 1.748694536594323878e+01
4.300000000000000000e+01 1.755275271270776116e+01 -6.313153406649102406e-02 5.524820238669132522e-01 1.748962117864126853e+01
4.400000000000000000e+01 1.755823121621011040e+01 -6.565254283408002156e-02 5.289714249244857891e-01 1.749257867337603045e+01
4.500000000000000000e+01 1.756388724925443512e+01 -6.804449784722423067e-02 5.041330351527371079e-01 1.749584275140720990e+01
4.600000000000000000e+01 1.756971701140962594e+01 -7.027790701428833497e-02 4.780103515184799257e-01 1.749943910439533923e+01
4.700000000000000000e+01 1.757571673649652766e+01 -7.232239770027860948e-02 4.506568785197890281e-01 1.750339433879624806e+01
4.800000000000000000e+01 1.758188269246054247e+01 -7.414658936668111489e-02 4.221381859109047396e-01 1.750773610309386186e+01
4.900000000000000000e+01 1.758821118124427585e+01 -7.571796299141682340e-02 3.925344561880506622e-01 1.751249321825286032e+01
5.000000000000000000e+01 1.759469853866015754e+01 -7.700272687792528159e-02 3.619436983985357958e-01 1.751769581178223234e+01
5.100000000000000000e+01 1.760134113426306968e+01 -7.796567845270488406e-02 3.304859005206037259e-01 1.752337545581036338e+01
5.200000000000000000e+01 1.760813537122297490e+01 -7.857006164037853846e-02 2.983085599547012357e-01 1.752956530958259762e+01
5.300000000000000000e+01 1.761507768619755154e+01 -7.877741939258070536e-02 2.655943407061965855e-01 1.753630026680497167e+01
5.400000000000000000e+01 1.762216454920481468e+01 -7.854744093453286391e-02 2.325722133487070353e-01 1.754361710827028276e+01
5.500000000000000000e+01 1.762939246349574063e+01 -7.783780327911829500e-02 1.995347146983713904e-01 1.755155466021662392e+01
5.600000000000000000e+01 1.763675796542690932e+01 -7.660400654232421558e-02 1.668668817752654854e-01 1.756015395888458386e+01
5.700000000000000000e+01 1.764425762433312528e+01 -7.479920257792470328e-02 1.350996222078095499e-01 1.756945842175520056e+01
5.800000000000000000e+01 1.765188804240003506e+01 -7.237401643133535567e-02 1.050193747324257160e-01 1.757951402596869883e+01
5.900000000000000000e+01 1.765964585453678026e+01 -6.927636009324159017e-02 7.791616682881731537e-02 1.759036949444353937e+01
6.000000000000000000e+01 1.766752772824860429e+01 -6.545123801342528358e-02 5.612976730747026161e-02 1.760207649023518073e+01
6.100000000000000000e+01 1.767553036350948403e+01 -6.072458951049075626e-02 4.320714549258755643e-02 1.761480577399899161e+01
6.200000000000000000e+01 1.768365049263477218e+01 -5.327254925933416763e-02 3.810096958887949220e-02 1.763037794337543929e+01
6.300000000000000000e+01 1.769188488015381111e+01 -4.014900430154517280e-02 3.699390544672047365e-02 1.765173587585226755e+01
6.400000000000000000e+01 1.770023032268256458e+01 -1.980133108425485844e-02 3.876425495311879715e-02 1.768042899159830839e+01
6.500000000000000000e+01 1.770868364879624934e+01 7.609978931580399508e-03 4.292230867942672251e-02 1.771629362772782912e+01
6.600000000000000000e+01 1.771724171890196686e+01 4.091121616719206600e-02 4.667592655674415031e-02 1.775815293506915893e+01
6.700000000000000000e+01 1.772590142511131361e+01 7.861543101765307295e-02 4.766910613588926093e-02 1.780451685612896640e+01
6.800000000000000000e+01 1.773465969111304119e+01 1.192478271640738524e-01 4.617876154161291297e-02 1.785390751827711497e+01
6.900000000000000000e+01 1.774351347204564888e+01 1.611790105424971420e-01 4.466253412707085063e-02 1.790469248258814616e+01
7.000000000000000000e+01 1.775245975437004020e+01 2.014184662082165456e-01 4.516148292050201074e-02 1.795387822057825744e+01
7.100000000000000000e+01 1.776149555574213323e+01 2.371143406950025623e-01 4.833586608552540437e-02 1.799860989643713438e+01
7.200000000000000000e+01 1.777061792488550651e+01 2.679600489420818632e-01 5.390208920214009658e-02 1.803857797382758932e+01
7.300000000000000000e+01 1.777982394146400580e+01 2.945640303644062596e-01 5.901717211065925228e-02 1.807438797182841128e+01
7.400000000000000000e+01 1.778911071595439353e+01 3.174649132486451752e-01 6.095679328095764821e-02 1.810657562920303931e+01
7.500000000000000000e+01 1.779847538951895558e+01 3.371854567356374899e-01 5.857558061687672540e-02 1.813566084625459141e+01
7.600000000000000000e+01 1.780791513387815428e+01 3.542347641623140864e-01 5.222358155248293249e-02 1.816214989804046809e+01
7.700000000000000000e+01 1.781742715118323872e+01 3.691101991893362966e-01 4.449163289405430599e-02 1.818653735037257491e+01
7.800000000000000000e+01 1.782700867388888000e+01 3.823163391449543314e-01 4.154400945977074211e-02 1.820932501303383333e+01
7.900000000000000000e+01 1.783665696462579220e+01 3.941110695537899389e-01 4.934568720610778281e-02 1.823076803417958303e+01
8.000000000000000000e+01 1.784636931607337829e+01 4.034895981091168871e-01 6.717315562819339836e-02 1.824985891418249651e+01
8.100000000000000000e+01 1.785614305083233688e+01 4.102990059894598973e-01 8.972959115943897335e-02 1.826644205682179845e+01
8.200000000000000000e+01 1.786597552129730460e+01 4.147579140716857737e-01 1.135822098293359506e-01 1.828073343536899031e+01
8.300000000000000000e+01 1.787586410952948057e+01 4.170742102914739013e-01 1.370501317559251753e-01 1.829293831982095497e+01
8.400000000000000000e+01 1.788580622712925816e+01 4.174458140706794329e-01 1.591832367300260453e-01 1.830325204119993643e+01
8.500000000000000000e+01 1.789579931510884592e+01 4.160614417014856237e-01 1.793680263053239465e-01 1.831186075681033287e+01
8.600000000000000000e+01 1.790584084376489926e+01 4.131013431688767557e-01 1.971757446290547666e-01 1.831894218693377496e+01
8.700000000000000000e+01 1.791592831255115570e+01 4.087380125712786749e-01 2.122958346619656933e-01 1.832466632512243265e+01
8.800000000000000000e+01 1.792605924995105582e+01 4.031368742294587637e-01 2.245028921711727243e-01 1.832919612418051614e+01
8.900000000000000000e+01 1.793623121335036785e+01 3.964569465070844068e-01 2.336386836670451550e-01 1.833268815985745093e+01
9.000000000000000000e+01 1.794644178890982644e+01 3.888514853076359690e-01 2.396019436475493591e-01 1.833529327421746302e+01
9.100000000000000000e+01 1.795668859143775720e+01 3.804686091558630578e-01 2.423428115419730411e-01 1.833715720059361942e+01
9.200000000000000000e+01 1.796696926426270124e+01 3.714519077234538225e-01 2.418605112333336304e-01 1.833842117198615540e+01
9.300000000000000000e+01 1.797728147910604690e+01 3.619410356120150163e-01 2.382037307907640955e-01 1.833922251471806320e+01
9.400000000000000000e+01 1.798762293595465778e+01 3.520722931675530631e-01 2.314736894219091012e-01 1.833969522912220995e+01
9.500000000000000000e+01 1.799799136293350088e+01 3.419791960638500772e-01 2.218303339154965581e-01 1.833997055899735074e+01
9.600000000000000000e+01 1.800838451617827829e+01 3.317930353614700345e-01 2.095026432330765187e-01 1.834017755153974960e+01
9.700000000000000000e+01 1.801880017970804815e+01 3.216434297226351546e-01 1.948047757738463892e-01 1.834044360943068241e+01
9.800000000000000000e+01 1.802923616529785633e+01 3.116588714398587090e-01 1.781608879888315067e-01 1.834089503673771659e+01
9.900000000000000000e+01 1.803969031235137166e+01 3.019672679184860487e-01 1.601427802482875140e-01 1.834165758026985671e+01
1.000000000000000000e+02 1.805016048777350690e+01 2.926964802395555787e-01 1.415247724116386052e-01 1.834285696801306287e+01
1.010000000000000000e+02 1.806064458584304688e+01 2.839748604211012606e-01 1.233531175674241476e-01 1.834461944626414720e+01
1.020000000000000000e+02 1.807114052808527660e+01 2.759429605562273569e-01 1.069671891814974185e-01 1.834708348864150551e+01
1.030000000000000000e+02 1.808164626314461643e+01 2.691295212710786422e-01 9.313124935687196182e-02 1.835077578441569557e+01
1.040000000000000000e+02 1.809215976665724668e+01 2.645431367137440759e-01 8.191165092665723957e-02 1.835670290337099075e+01
1.050000000000000000e+02 1.810267904112372861e+01 2.632183881441731987e-01 7.392934885251871424e-02 1.836589742926790336e+01
1.060000000000000000e+02 1.811320211578164674e+01 2.658451366506738300e-01 6.959718611879782413e-02 1.837904725243232207e+01
1.070000000000000000e+02 1.812372704647822630e+01 2.726646861361833873e-01 6.871747031929577310e-02 1.839639173261441130e+01
1.080000000000000000e+02 1.813425191554296845e+01 2.827929919510636103e-01 6.971578140192774553e-02 1.841704490749403078e+01
1.090000000000000000e+02 1.814477483166026772e+01 2.940840450475985524e-01 6.991717924656738747e-02 1.843885887670786516e+01
1.100000000000000000e+02 1.815529392974205791e+01 3.043258072780871681e-01 6.801639754709952468e-02 1.845961973702014447e+01
1.110000000000000000e+02 1.816580737080042596e+01 3.113010106438531821e-01 6.420306540644481197e-02 1.847710838144427825e+01
1.120000000000000000e+02 1.817631334182024716e+01 3.129093770875055469e-01 5.989772404651737964e-02 1.848922271890775448e+01
1.130000000000000000e+02 1.818681005563180975e+01 3.095646935303184022e-01 5.607252176451973241e-02 1.849637474916212909e+01
1.140000000000000000e+02 1.819729575078344652e+01 3.039019980419223610e-01 5.325540103952530746e-02 1.850119774882536916e+01
1.150000000000000000e+02 1.820776869141415943e+01 2.977125530605999049e-01 5.144986092055638810e-02 1.850548124447475828e+01
1.160000000000000000e+02 1.821822716712625834e+01 2.919218390133441754e-01 5.067547974268205024e-02 1.851014900613960279e+01
1.170000000000000000e+02 1.822866949285797133e+01 2.858369208860192523e-01 5.099789989350269476e-02 1.851450641374399098e+01
1.180000000000000000e+02 1.823909400875609066e+01 2.774442449013283518e-01 5.182593255774141372e-02 1.851653825365741923e+01
1.190000000000000000e+02 1.824949908004858656e+01 2.668531214147010777e-01 5.291094364639183090e-02 1.851635220146328820e+01
1.200000000000000000e+02 1.825988309691725320e+01 2.555024448007973681e-01 5.536658933724105530e-02 1.851538554171805018e+01
1.210000000000000000e+02 1.827024447437032251e+01 2.420222863854225026e-01 5.992653281602924875e-02 1.851226676075574673e+01
1.220000000000000000e+02 1.828058165211508879e+01 2.254611830628155122e-01 6.618417560953644696e-02 1.850604283517790449e+01
1.230000000000000000e+02 1.829089309443055811e+01 2.059566112619432565e-01 7.257762657995982247e-02 1.849684970569250098e+01
1.240000000000000000e+02 1.830117729004005866e+01 1.836677797104842580e-01 7.764309610630307223e-02 1.848484506975054131e+01
1.250000000000000000e+02 1.831143275198386888e+01 1.597465871875203280e-01 8.047444289254047922e-02 1.847117933917138899e+01
1.260000000000000000e+02 1.832165801749186329e+01 1.357716164004997006e-01 8.087103480201528194e-02 1.845742963389236380e+01
1.270000000000000000e+02 1.833185164785611576e+01 1.131281415930808221e-01 7.938783157637070709e-02 1.844497978944919581e+01
1.280000000000000000e+02 1.834201222830355249e+01 9.200500672840514205e-02 7.694078290405978460e-02 1.843401723503195910e+01
1.290000000000000000e+02 1.835213836786855879e+01 7.231254365615104318e-02 7.478522340488771847e-02 1.842445091152470837e+01
1.300000000000000000e+02 1.836222869926562495e+01 5.511482472349617939e-02 7.339509797529045199e-02 1.841734352398912122e+01
1.310000000000000000e+02 1.837228187876197083e+01 4.148053944011498989e-02 7.285779464418210005e-02 1.841376241820208648e+01
1.320000000000000000e+02 1.838229658605015615e+01 2.967891961023503070e-02 7.204143935829068757e-02 1.841197550566038998e+01
1.330000000000000000e+02 1.839227152412074062e+01 1.694293283228645933e-02 6.996092681536784930e-02 1.840921445695302694e+01
1.340000000000000000e+02 1.840220541913488361e+01 1.212514199134948805e-03 6.643693036719826306e-02 1.840341793333401910e+01
1.350000000000000000e+02 1.841209702029699002e+01 -1.633951588915365238e-02 6.147297522235080358e-02 1.839575750440783608e+01
1.360000000000000000e+02 1.842194509972733485e+01 -3.362462964212287880e-02 5.610285272629007836e-02 1.838832047008521187e+01
1.370000000000000000e+02 1.843174845233467707e+01 -4.816178511379593657e-02 5.215476914076046938e-02 1.838358666722088230e+01
1.380000000000000000e+02 1.844150589568891974e+01 -5.578824620006793411e-02 5.017506283347292900e-02 1.838571764948885345e+01
1.390000000000000000e+02 1.845121626989370611e+01 -5.400753449853934463e-02 5.048850628878635838e-02 1.839720873539516788e+01
1.400000000000000000e+02 1.846087843745906198e+01 -4.866444523298033009e-02 5.174501478828288231e-02 1.841221399222608213e+01
1.410000000000000000e+02 1.847049128317403088e+01 -4.619739397896596017e-02 5.295626653852121557e-02 1.842429388919506650e+01
1.420000000000000000e+02 1.848005371397928442e+01 -4.890653228746696252e-02 5.326227031956051045e-02 1.843114718169181643e+01
1.430000000000000000e+02 1.848956465883977174e+01 -5.732825400443466307e-02 5.289086775979289640e-02 1.843223640483533643e+01
1.440000000000000000e+02 1.849902306861732981e+01 -6.872229089514478306e-02 5.245389084640603855e-02 1.843030077772218434e+01
1.450000000000000000e+02 1.850842791594332581e+01 -7.936898831168713586e-02 5.327180970298025370e-02 1.842905892763164033e+01
1.460000000000000000e+02 1.851777819509127454e+01 -8.474966471989112127e-02 5.637421625303681155e-02 1.843302853037138433e+01
1.470000000000000000e+02 1.852707292184947008e+01 -8.251685979234513191e-02 6.259782476910688565e-02 1.844455606205712428e+01
1.480000000000000000e+02 1.853631113339362457e+01 -7.525440832751732756e-02 7.105776689785850420e-02 1.846105672506610773e+01
1.490000000000000000e+02 1.854549188815947502e+01 -6.551715389831175296e-02 8.067552106551945101e-02 1.847997473426116244e+01
1.500000000000000000e+02 1.855461426571543271e+01 -5.441752747569176402e-02 8.960366511205464235e-02 1.850019673823974031e+01
1.510000000000000000e+02 1.856367736663520418e+01 -4.287215376971426073e-02 9.668192092864989762e-02 1.852080521286548986e+01
1.520000000000000000e+02 1.857268031237041228e+01 -3.179570557041691559e-02 1.015362178842509761e-01 1.854088460679999528e+01
1.530000000000000000e+02 1.858162224512323490e+01 -2.210452604941519003e-02 1.044159830031019670e-01 1.855951771907382053e+01
1.540000000000000000e+02 1.859050232771902955e+01 -1.470412766747799214e-02 1.060274013795073217e-01 1.857579820005155113e+01
1.550000000000000000e+02 1.859931974347896144e+01 -1.009032136702775646e-02 1.068357113368816336e-01 1.858922942211193430e+01
1.560000000000000000e+02 1.860807369609263517e+01 -8.316018245932836270e-03 1.069311810964216070e-01 1.859975767784670353e+01
1.570000000000000000e+02 1.861676340949071218e+01 -9.131144256698203385e-03 1.061227484786291808e-01 1.860763226523401315e+01
1.580000000000000000e+02 1.862538812771754948e+01 -1.190213015580822084e-02 1.038782694853149641e-01 1.861348599756174238e+01
1.590000000000000000e+02 1.863394711480383492e+01 -1.597527940614300659e-02 1.001013650644931724e-01 1.861797183539769307e+01
1.600000000000000000e+02 1.864243965463919750e+01 -2.070194390118232711e-02 9.531537975230175430e-02 1.862173771073801376e+01
1.610000000000000000e+02 1.865086505084484259e+01 -2.542897146649862605e-02 9.068196610454865025e-02 1.862543607937834267e+01
1.620000000000000000e+02 1.865922262664618714e+01 -2.936933100802420482e-02 8.720981327412158368e-02 1.862985329563816350e+01
1.630000000000000000e+02 1.866751172474548781e+01 -3.165089686006217901e-02 8.573866503428376196e-02 1.863586082788542697e+01
1.640000000000000000e+02 1.867573170719445130e+01 -3.192016228679918355e-02 8.688559050801107631e-02 1.864381154490765269e+01
1.650000000000000000e+02 1.868388195526688733e+01 -3.025581601404550916e-02 9.093107073373006555e-02 1.865362613925284307e+01
1.660000000000000000e+02 1.869196186933132608e+01 -2.750418647438742162e-02 9.662173411865893069e-02 1.866445768285693774e+01
1.670000000000000000e+02 1.869997086872363923e+01 -2.507759584899842825e-02 1.018825599563758927e-01 1.867489327287464107e+01
1.680000000000000000e+02 1.870790839161967867e+01 -2.440310621098870994e-02 1.053475348816608204e-01 1.868350528540868893e+01
1.690000000000000000e+02 1.871577389490791177e+01 -2.691453777986373835e-02 1.063748288327092950e-01 1.868885935712804880e+01
1.700000000000000000e+02 1.872356685406202104e+01 -3.405808049944523269e-02 1.049238951180804513e-01 1.868950877356257578e+01
1.710000000000000000e+02 1.873128676301356776e+01 -4.714872430296022932e-02 1.013956592346008101e-01 1.868413803871060708e+01
1.720000000000000000e+02 1.873893313402459881e+01 -6.634457903300394754e-02 9.616833403497648813e-02 1.867258855499159509e+01
1.730000000000000000e+02 1.874650549756027473e+01 -9.126695584506458458e-02 8.997282459945392386e-02 1.865523854171521023e+01
1.740000000000000000e+02 1.875400340216150852e+01 -1.215559165833825089e-01 8.429784544914269151e-02 1.863244748557812613e+01
1.750000000000000000e+02 1.876142641431759728e+01 -1.566817075688553274e-01 8.104222849071208989e-02 1.860474470674874325e+01
1.760000000000000000e+02 1.876877411833882547e+01 -1.945846199670276666e-01 8.025227202070429888e-02 1.857418949837179767e+01
1.770000000000000000e+02 1.877604611622912500e+01 -2.324622521557483945e-01 8.147921769689332738e-02 1.854358386407337633e+01
1.780000000000000000e+02 1.878324202755867844e+01 -2.675063436150104113e-01 8.529957781282494766e-02 1.851573568394366731e+01
1.790000000000000000e+02 1.879036148933656847e+01 -2.972274014955246790e-01 9.272380218537659702e-02 1.849313408784104240e+01
1.800000000000000000e+02 1.879740415588338820e+01 -3.212194251186045735e-01 1.029380415501192775e-01 1.847618473076478196e+01
1.810000000000000000e+02 1.880436969870387998e+01 -3.398926063733292979e-01 1.144910208845337229e-01 1.846447709233055079e+01
1.820000000000000000e+02 1.881125780635955991e+01 -3.537172846307555241e-01 1.257408992975675432e-01 1.845754052172880577e+01
1.830000000000000000e+02 1.881806818434134598e+01 -3.631711783922930703e-01 1.353403267459971915e-01 1.845489700594905358e+01
1.840000000000000000e+02 1.882480055494219329e+01 -3.687135804645043646e-01 1.423933529814252197e-01 1.845608697447768876e+01
1.850000000000000000e+02 1.883145465712971500e+01 -3.707870927744572609e-01 1.463442337000560867e-01 1.846066756435525846e+01
1.860000000000000000e+02 1.883803024641881052e+01 -3.698193365913274300e-01 1.468976807405907581e-01 1.846821090982748359e+01
1.870000000000000000e+02 1.884452709474429355e+01 -3.662246174158699241e-01 1.439765874104517451e-01 1.847830247732842324e+01
1.880000000000000000e+02 1.885094499033353088e+01 -3.604055494151675032e-01 1.377113972101261241e-01 1.849053944091836499e+01
1.890000000000000000e+02 1.885728373757905985e+01 -3.527546441716414294e-01 1.284597534480313719e-01 1.850452909340741670e+01
1.900000000000000000e+02 1.886354315691121641e+01 -3.436558684216047266e-01 1.168627628696146115e-01 1.851988728848961330e+01
1.910000000000000000e+02 1.886972308467077042e+01 -3.334861753751185431e-01 1.039501740535126312e-01 1.853623690929565271e+01
1.920000000000000000e+02 1.887582337298155011e+01 -3.226170141388278179e-01 9.129029828554389991e-02 1.855320635884272207e+01
1.930000000000000000e+02 1.888184388962307025e+01 -3.114162213285204817e-01 8.105324100250942132e-02 1.857042766829454905e+01
1.940000000000000000e+02 1.888778451790316382e+01 -3.005342732618292434e-01 7.457778726487469811e-02 1.858725024464133568e+01
1.950000000000000000e+02 1.889364515653060650e+01 -2.914079580779057044e-01 7.017842881084446205e-02 1.860223719845270196e+01
1.960000000000000000e+02 1.889942571948774486e+01 -2.856140792735976097e-01 6.630058299164240387e-02 1.861381164021414847e+01
1.970000000000000000e+02 1.890512613590313151e+01 -2.847311651847455605e-01 6.280597075519278594e-02 1.862039497071838667e+01
1.980000000000000000e+02 1.891074634992413905e+01 -2.891603124775934397e-01 6.021407606074395680e-02 1.862158603744654428e+01
1.990000000000000000e+02 1.891628632058961301e+01 -2.970250627289123257e-01 5.878821708272444907e-02 1.861926125786069974e+01
2.000000000000000000e+02 1.892174602170246445e+01 -3.065137243976961967e-01 5.883414026840880912e-02 1.861523229730476814e+01
2.010000000000000000e+02 1.892712544170233713e+01 -3.163425149623239618e-01 6.018886085235739675e-02 1.861078292674001489e+01
2.020000000000000000e+02 1.893242458353821434e+01 -3.257642901577726957e-01 6.285724023332066313e-02 1.860666029338044325e+01
2.030000000000000000e+02 1.893764346454103986e+01 -3.348689030173953030e-01 6.638473224294917652e-02 1.860277456152364550e+01
2.040000000000000000e+02 1.894278211629637099e+01 -3.447124797936828577e-01 7.027183852549769016e-02 1.859806963650268941e+01
2.050000000000000000e+02 1.894784058451698527e+01 -3.576248422605132204e-01 7.367521905426450968e-02 1.859021574225647200e+01
2.060000000000000000e+02 1.895281892891551934e+01 -3.760288146165909895e-01 7.669833596611158599e-02 1.857679011429892668e+01
2.070000000000000000e+02 1.895771722307709695e+01 -4.015692048063553843e-01 7.944203976727275129e-02 1.855614801827073990e+01
2.080000000000000000e+02 1.896253555433195004e+01 -4.347194031333441178e-01 8.143067632073131001e-02 1.852781615119860703e+01
2.090000000000000000e+02 1.896727402362805392e+01 -4.743700415402606341e-01 8.222103006221602450e-02 1.849290398208779251e+01
2.100000000000000000e+02 1.897193274540375896e+01 -5.171949921939654748e-01 8.145685233128176217e-02 1.845473775320979470e+01
2.110000000000000000e+02 1.897651184746041153e+01 -5.596986207267720115e-01 8.009029581262679109e-02 1.841681322673364107e+01
2.120000000000000000e+02 1.898101147083498219e+01 -5.983820571036428948e-01 8.091880168692675013e-02 1.838262941373134041e+01
2.130000000000000000e+02 1.898543176967270085e+01 -6.298291077824484940e-01 8.813839508239758314e-02 1.835560266189025214e+01
2.140000000000000000e+02 1.898977291109967780e+01 -6.532854067981385127e-01 1.033255403040991005e-01 1.833648750430154095e+01
2.150000000000000000e+02 1.899403507509553890e+01 -6.708965058016793659e-01 1.247054673927071450e-01 1.832313856929386020e+01
2.160000000000000000e+02 1.899821845436604661e+01 -6.848746533558854876e-01 1.506591424188689909e-01 1.831334380101016279e+01
2.170000000000000000e+02 1.900232325421573876e+01 -6.963722909282703544e-01 1.798178289882212677e-01 1.830595096328746862e+01
2.180000000000000000e+02 1.900634969242054950e+01 -7.056072164211114606e-01 2.109763308807536264e-01 1.830074247599943860e+01
2.190000000000000000e+02 1.901029799910043039e+01 -7.127539342836547442e-01 2.433088534074616949e-01 1.829754406481677620e+01
2.200000000000000000e+02 1.901416841659199619e+01 -7.179760805482033881e-01 2.762438250178205768e-01 1.829619233604379147e+01
2.210000000000000000e+02 1.901796119932114593e+01 -7.214270356202647783e-01 3.093721332405124369e-01 1.829653416370087982e+01
2.220000000000000000e+02 1.902167661367568030e+01 -7.232505043123578226e-01 3.423916272520390325e-01 1.829842610936332292e+01
2.230000000000000000e+02 1.902531493787794403e+01 -7.235810648038923931e-01 3.750735289744129286e-01 1.830173387307405264e+01
2.240000000000000000e+02 1.902887646185745751e+01 -7.225446881247042930e-01 4.072414670805269421e-01 1.830633177373275444e+01
2.250000000000000000e+02 1.903236148712352360e+01 -7.202592296796651583e-01 4.387578537703669679e-01 1.831210225744385767e+01
2.260000000000000000e+02 1.903577032663788060e+01 -7.168348942551762137e-01 4.695146603391554541e-01 1.831893543238270539e+01
2.270000000000000000e+02 1.903910330468731615e+01 -7.123746758756966946e-01 4.994269246500130932e-01 1.832672862881161890e+01
2.280000000000000000e+02 1.904236075675629891e+01 -7.069747738095086831e-01 5.284280196678177166e-01 1.833538598294678934e+01
2.290000000000000000e+02 1.904554302939961019e+01 -7.007249859568778216e-01 5.564660988452319046e-01 1.834481804344273215e+01
2.300000000000000000e+02 1.904865048011496143e+01 -6.937090807916215240e-01 5.835013548725901389e-01 1.835494139932334079e+01
2.310000000000000000e+02 1.905168347721564714e+01 -6.860051489674909853e-01 6.095038581643228426e-01 1.836567832824815483e+01
2.320000000000000000e+02 1.905464239970314111e+01 -6.776859356443322158e-01 6.344518202196224310e-01 1.837695646405880723e+01
2.330000000000000000e+02 1.905752763713974929e+01 -6.688191545353583400e-01 6.583301762031920079e-01 1.838870848260438962e+01
2.340000000000000000e+02 1.906033958952122376e+01 -6.594677846256815634e-01 6.811294127152354161e-01 1.840087180489554086e+01
2.350000000000000000e+02 1.906307866714940147e+01 -6.496903504638269489e-01 7.028445875893102324e-01 1.841338831668557319e+01
2.360000000000000000e+02 1.906574529050483235e+01 -6.395411868817628687e-01 7.234745026787342548e-01 1.842620410362307126e+01
2.370000000000000000e+02 1.906833989011939323e+01 -6.290706889551069825e-01 7.430210003725401524e-01 1.843926920116428647e+01
2.380000000000000000e+02 1.907086290644893012e+01 -6.183255479734639515e-01 7.614883615052638888e-01 1.845253735847546750e+01
2.390000000000000000e+02 1.907331478974589345e+01 -6.073489741511994833e-01 7.788827873247722300e-01 1.846596581559469286e+01
2.400000000000000000e+02 1.907569599993193776e+01 -5.961809067711630883e-01 7.952119518625485606e-01 1.847951509316077434e+01
2.410000000000000000e+02 1.907800700647058534e+01 -5.848582124183016040e-01 8.104846138068401151e-01 1.849314879405228496e+01
2.420000000000000000e+02 1.908024828823982588e+01 -5.734148719256209059e-01 8.247102790771372316e-01 1.850683341631420475e+01
2.430000000000000000e+02 1.908242033340476240e+01 -5.618821566229296183e-01 8.378989069199073159e-01 1.852053817678183378e+01
2.440000000000000000e+02 1.908452363929023221e+01 -5.502887944477158344e-01 8.500606536165881133e-01 1.853423484484251560e+01
2.450000000000000000e+02 1.908655871225344214e+01 -5.386611264485097195e-01 8.612056489047983376e-01 1.854789758580493242e+01
2.460000000000000000e+02 1.908852606755658243e+01 -5.270232541827838402e-01 8.713438010261478350e-01 1.856150281337379937e+01
2.470000000000000000e+02 1.909042622923947619e+01 -5.153971784855024829e-01 8.804846269759274424e-01 1.857502905075397237e+01
2.480000000000000000e+02 1.909225972999218257e+01 -5.038029300587886228e-01 8.886371050752288614e-01 1.858845679993339317e+01
2.490000000000000000e+02 1.909402711102764982e+01 -4.922586923094213196e-01 8.958095474408823700e-01 1.860176841871822973e+01
2.500000000000000000e+02 1.909572892195432914e+01 -4.807809168381769194e-01 9.020094903119895147e-01 1.861494800511615111e+01
2.510000000000000000e+02 1.909736572064880633e+01 -4.693844319630135486e-01 9.072436005193255104e-01 1.862798128868579184e+01
2.520000000000000000e+02 1.909893807312842995e+01 -4.580825446379716559e-01 9.115175966667846685e-01 1.864085552849045868e+01
2.530000000000000000e+02 1.910044655342394293e+01 -4.468871361094917671e-01 9.148361838418385128e-01 1.865355941731445100e+01
2.540000000000000000e+02 1.910189174345210716e+01 -4.358087516336155987e-01 9.172030008919971333e-01 1.866608299181849162e+01
2.550000000000000000e+02 1.910327423288832804e+01 -4.248566845595166952e-01 9.186205795027464482e-01 1.867841754832881307e+01
2.560000000000000000e+02 1.910459461903929679e+01 -4.140390550679603487e-01 9.190903144943722847e-01 1.869055556397133699e+01
2.570000000000000000e+02 1.910585350671560434e+01 -4.033628838371556280e-01 9.186124449250032686e-01 1.870249062287845021e+01
2.580000000000000000e+02 1.910705150810438013e+01 -3.928341608930871476e-01 9.171860457489124929e-01 1.871421734721129226e+01
2.590000000000000000e+02 1.910818924264190244e+01 -3.824579098868400862e-01 9.148090299363519362e-01 1.872573133275506407e+01
2.600000000000000000e+02 1.910926733688626200e+01 -3.722382480274210592e-01 9.114781611171116626e-01 1.873702908885884000e+01
2.610000000000000000e+02 1.911028642438994751e+01 -3.621784418853403742e-01 9.071890769684984868e-01 1.874810798250460664e+01
2.620000000000000000e+02 1.911124714557250570e+01 -3.522809592694524095e-01 9.019363237325283000e-01 1.875896618630305213e+01
2.630000000000000000e+02 1.911215014759315878e+01 -3.425475173675515128e-01 8.957134024212832779e-01 1.876960263022560582e+01
2.640000000000000000e+02 1.911299608422343255e+01 -3.329791273295772958e-01 8.885128274575699869e-01 1.878001695689385642e+01
2.650000000000000000e+02 1.911378561571978807e+01 -3.235761354612396445e-01 8.803261987057672266e-01 1.879020948025854665e+01
2.660000000000000000e+02 1.911451940869623911e+01 -3.143382611853948183e-01 8.711442880810387202e-01 1.880018114751084468e+01
2.670000000000000000e+02 1.911519813599699091e+01 -3.052646319183234258e-01 8.609571421918467138e-01 1.880993350407866771e+01
2.680000000000000000e+02 1.911582247656907541e+01 -2.963538149984325520e-01 8.497542027806093135e-01 1.881946866157064235e+01
2.690000000000000000e+02 1.911639311533496510e+01 -2.876038467955406297e-01 8.375244470929478213e-01 1.882878926853942403e+01
2.700000000000000000e+02 1.911691074306520477e+01 -2.790122591202468527e-01 8.242565507437966676e-01 1.883789848394495792e+01
2.710000000000000000e+02 1.911737605625104308e+01 -2.705761030441088955e-01 8.099390761805091987e-01 1.884679995320693280e+01
2.720000000000000000e+02 1.911778975697706073e+01 -2.622919702332183745e-01 7.945606904985100805e-01 1.885549778674384314e+01
2.730000000000000000e+02 1.911815255279380565e+01 -2.541560118900605403e-01 7.781104171843408190e-01 1.886399654090374511e+01
2.740000000000000000e+02 1.911846515659039625e+01 -2.461639553906284916e-01 7.605779274001894796e-01 1.887230120119976817e+01
2.750000000000000000e+02 1.911872828646719213e+01 -2.383111186967122042e-01 7.419538777622219916e-01 1.888041716777048151e+01
2.760000000000000000e+02 1.911894266560837252e+01 -2.305924226160376844e-01 7.222303033149901630e-01 1.888835024299233467e+01
2.770000000000000000e+02 1.911910902215461050e+01 -2.230024009761585879e-01 7.014010767302966132e-01 1.889610662117845052e+01
2.780000000000000000e+02 1.911922808907566562e+01 -2.155352087712901765e-01 6.794624479034029330e-01 1.890369288030437644e+01
2.790000000000000000e+02 1.911930060404304044e+01 -2.081846283349224613e-01 6.564136824467533549e-01 1.891111597570811753e+01
2.800000000000000000e+02 1.911932730930258728e+01 -2.009440735846893256e-01 6.322578236485939529e-01 1.891838323571789715e+01
2.810000000000000000e+02 1.911930895154715415e+01 -1.938065923798563961e-01 6.070026111397419655e-01 1.892550235916729662e+01
2.820000000000000000e+02 1.911924628178919505e+01 -1.867648670259291765e-01 5.806616021771524583e-01 1.893248141476326651e+01
2.830000000000000000e+02 1.911914005523341231e+01 -1.798112129548732341e-01 5.532555603500799446e-01 1.893932884227853819e+01
2.840000000000000000e+02 1.911899103114938114e+01 -1.729375756038218914e-01 5.248142053643178873e-01 1.894605345554555953e+01
2.850000000000000000e+02 1.911879997274417420e+01 -1.661355255094305317e-01 4.953784626794812129e-01 1.895266444723474208e+01
2.860000000000000000e+02 1.911856764703500033e+01 -1.593962516295645560e-01 4.650034241480739960e-01 1.895917139540543417e+01
2.870000000000000000e+02 1.911829482472181851e+01 -1.527105528983656035e-01 4.337623499974549435e-01 1.896558427182345241e+01
2.880000000000000000e+02 1.911798228005997657e+01 -1.460688280153961405e-01 4.017522441942523170e-01 1.897191345204458202e+01
2.890000000000000000e+02 1.911763079073284288e+01 -1.394610634641704761e-01 3.691018859540508013e-01 1.897816972726867135e+01
2.900000000000000000e+02 1.911724113772441314e+01 -1.328768197498639003e-01 3.359838259147421291e-01 1.898436431797454915e+01
2.910000000000000000e+02 1.911681410519197044e+01 -1.263052158406950676e-01 3.026329956510168118e-01 1.899050888935127546e+01
2.920000000000000000e+02 1.911635048033869211e+01 -1.197349117921052281e-01 2.693766751824712147e-01 1.899661556854658784e+01
2.930000000000000000e+02 1.911585105328627066e+01 -1.131540895272730163e-01 2.366843335830234318e-01 1.900269696375899642e+01
2.940000000000000000e+02 1.911531661694757744e+01 -1.065504317423246472e-01 2.052519370829552214e-01 1.900876618520525341e+01
2.950000000000000000e+02 1.911474796689925171e+01 -9.991109889878546646e-02 1.761411771721677066e-01 1.901483686800046513e+01
2.960000000000000000e+02 1.911414590125435353e+01 -9.322243561221663088e-02 1.509785718086736339e-01 1.902092346564213798e+01
2.970000000000000000e+02 1.911351122053498486e+01 -8.635249799711519625e-02 1.319502642151449134e-01 1.902715872253786955e+01
2.980000000000000000e+02 1.911284472754491404e+01 -7.923898733690408480e-02 1.210015482040724955e-01 1.903360574020801010e+01
2.990000000000000000e+02 1.911214722724220749e+01 -7.250207627471819127e-02 1.188132699488157612e-01 1.903964515096748755e+01
3.000000000000000000e+02 1.911141952661186139e+01 -6.642308681423832184e-02 1.244618825802170509e-01 1.904499643979762169e+01
3.010000000000000000e+02 1.911066243453842617e+01 -6.082467770617187852e-02 1.362242068722588351e-01 1.904983775683225389e+01
3.020000000000000000e+02 1.910987676167863825e+01 -5.548250770737656740e-02 1.526656605909255948e-01 1.905439425397126030e+01
3.030000000000000000e+02 1.910906332033403388e+01 -5.017469525352571957e-02 1.727951653130978538e-01 1.905888862508050963e+01
3.040000000000000000e+02 1.910822292432361635e+01 -4.446698758335691781e-02 1.959332883387879254e-01 1.906375593674026092e+01
3.050000000000000000e+02 1.910735638885642373e+01 -3.787978642383322408e-02 2.211330443185581807e-01 1.906947660243259079e+01
3.060000000000000000e+02 1.910646453040422088e+01 -3.044699166960488507e-02 2.474180648023729390e-01 1.907601753873461448e+01
3.070000000000000000e+02 1.910554816657408139e+01 -2.225110014462366656e-02 2.740435467348020793e-01 1.908329706642945922e+01
3.080000000000000000e+02 1.910460811598104058e+01 -1.337150701155939876e-02 3.004581326839067534e-01 1.909123660896948138e+01
3.090000000000000000e+02 1.910364519812070583e+01 -3.884847715495387630e-03 3.262483138943376160e-01 1.909976035040520870e+01
3.100000000000000000e+02 1.910266023324190598e+01 6.134668252479831552e-03 3.510984902004880559e-01 1.910879490149438453e+01
3.110000000000000000e+02 1.910165404221930885e+01 1.661493075934238756e-02 3.747636072757861703e-01 1.911826897297865102e+01
3.120000000000000000e+02 1.910062744642604571e+01 2.748560860812021903e-02 3.970505203437329489e-01 1.912811305503416648e+01
3.130000000000000000e+02 1.909958126760634656e+01 3.867783431221334667e-02 4.178051517137046922e-01 1.913825910191856039e+01
3.140000000000000000e+02 1.909851632774816466e+01 5.012389310203986537e-02 4.369034719353014351e-01 1.914864022085020423e+01
3.150000000000000000e+02 1.909743344895580464e+01 6.175691521079744450e-02 4.542450322109357619e-01 1.915919036416660148e+01
3.160000000000000000e+02 1.909633345332255061e+01 7.351057049472990712e-02 4.697482322803945842e-01 1.916984402381728003e+01
3.170000000000000000e+02 1.909521716280330850e+01 8.531876444907203483e-02 4.833467970637576050e-01 1.918053592725237877e+01
3.180000000000000000e+02 1.909408539908720570e+01 9.711533468426938875e-02 4.949871174481197955e-01 1.919120073377147406e+01
3.190000000000000000e+02 1.909293898347025475e+01 1.088337469280018649e-01 5.046262262536550525e-01 1.920177273039825749e+01
3.200000000000000000e+02 1.909177873672793879e+01 1.204067896168803803e-01 5.122302549983863695e-01 1.921218552634481824e+01
3.210000000000000000e+02 1.909060547898788940e+01 1.317662661376630406e-01 5.177732661623607457e-01 1.922237174512555313e+01
3.220000000000000000e+02 1.908942002960246853e+01 1.428426837711691266e-01 5.212363887626110248e-01 1.923226271337363613e+01
3.230000000000000000e+02 1.908822320702143571e+01 1.535649383830079429e-01 5.226072080912567142e-01 1.924178814540444193e+01
3.240000000000000000e+02 1.908701582866455126e+01 1.638599938934558742e-01 5.218793771671160764e-01 1.925087582255800811e+01
3.250000000000000000e+02 1.908579871079420798e+01 1.736525555446971902e-01 5.190524302404960766e-01 1.925945126633890681e+01
3.260000000000000000e+02 1.908457266838808408e+01 1.828647359666420447e-01 5.141317892523611377e-01 1.926743740435472674e+01
3.270000000000000000e+02 1.908333851501171097e+01 1.914157130230812742e-01 5.071289637576843479e-01 1.927475422803479077e+01
3.280000000000000000e+02 1.908209706269119010e+01 1.992213783976682362e-01 4.980619545952602589e-01 1.928131844108885673e+01
3.290000000000000000e+02 1.908084912178573944e+01 2.061939758542341017e-01 4.869558826934488049e-01 1.928704309763997315e+01
3.300000000000000000e+02 1.907959550086037837e+01 2.122417280781180304e-01 4.738438783018924516e-01 1.929183722893849762e+01
3.310000000000000000e+02 1.907833700655851672e+01 2.172684509744955972e-01 4.587682846990997487e-01 1.929560545753301071e+01
3.320000000000000000e+02 1.907707444347459713e+01 2.211731542659444438e-01 4.417822572234872958e-01 1.929824759774054144e+01
3.330000000000000000e+02 1.907580861402674444e+01 2.238496271948796357e-01 4.229518784608558013e-01 1.929965824122162488e+01
3.340000000000000000e+02 1.907454031832938313e+01 2.251860080964110944e-01 4.023589722477539099e-01 1.929972632642579455e+01
3.350000000000000000e+02 1.907327035406580862e+01 2.250643365642572002e-01 3.801048977643818327e-01 1.929833469063006746e+01
3.360000000000000000e+02 1.907199951636093260e+01 2.233600868857718025e-01 3.563157668153040247e-01 1.929535960324670540e+01
3.370000000000000000e+02 1.907072859765378681e+01 2.199416813721321029e-01 3.311497999878078580e-01 1.929067027902591747e+01
3.380000000000000000e+02 1.906945838757026479e+01 2.146699821563582689e-01 3.048080071391660040e-01 1.928412836972662348e+01
3.390000000000000000e+02 1.906818967279562926e+01 2.073977599745164269e-01 2.775502002430622062e-01 1.927558743277014486e+01
3.400000000000000000e+02 1.906692323694727520e+01 1.979691383842334951e-01 2.497197881177347090e-01 1.926489237533150956e+01
3.410000000000000000e+02 1.906565986044723005e+01 1.862190118097119818e-01 2.217832394341007762e-01 1.925187887225694183e+01
3.420000000000000000e+02 1.906440032039487775e+01 1.719724357329960041e-01 1.943936692603371041e-01 1.923637275612787434e+01
3.430000000000000000e+02 1.906314539043954426e+01 1.550439872776198102e-01 1.684904930206009288e-01 1.921818937771716307e+01
3.440000000000000000e+02 1.906189584065311493e+01 1.352370943525545433e-01 1.454350056873335018e-01 1.919713293500566920e+01
3.450000000000000000e+02 1.906065243740269466e+01 1.123434158684181033e-01 1.271053019428614039e-01 1.917299585327111444e+01
3.460000000000000000e+02 1.905941594322322530e+01 8.649853231716810031e-02 1.150844329666591975e-01 1.914591447554039405e+01
3.470000000000000000e+02 1.905818711669010668e+01 5.899739869972784462e-02 1.088822415133108984e-01 1.911718451538983388e+01
3.480000000000000000e+02 1.905696671229182115e+01 3.136827248209718422e-02 1.077970897686335028e-01 1.908833498477391899e+01
3.490000000000000000e+02 1.905575548030257593e+01 5.138106360765690682e-03 1.118485926297019123e-01 1.906089358666334022e+01
3.500000000000000000e+02 1.905455416665492763e+01 -1.845670927026166197e-02 1.215832458059531856e-01 1.903609745738466685e+01
3.510000000000000000e+02 1.905336351281241747e+01 -3.928569633089890739e-02 1.371559464502533354e-01 1.901407781648151740e+01
3.520000000000000000e+02 1.905218425564215678e+01 -5.787936943564998132e-02 1.581217443136590239e-01 1.899430488620650692e+01
3.530000000000000000e+02 1.905101712728752261e+01 -7.424866682489726644e-02 1.834569457047754981e-01 1.897676846046262611e+01
3.540000000000000000e+02 1.904986285504074317e+01 -8.850699056185076796e-02 2.117350552472817837e-01 1.896135586447889310e+01
3.550000000000000000e+02 1.904872216121553308e+01 -1.007893175774849104e-01 2.418311226466865749e-01 1.894793284363804986e+01
3.560000000000000000e+02 1.904759576301972501e+01 -1.112225562422830272e-01 2.729470562041632076e-01 1.893637320677744285e+01
3.570000000000000000e+02 1.904648437242790848e+01 -1.199259958326475833e-01 3.045152232520347280e-01 1.892655837659525986e+01
3.580000000000000000e+02 1.904538869605401885e+01 -1.270117332662633602e-01 3.361241288109791947e-01 1.891837696278775383e+01
3.590000000000000000e+02 1.904430943502402940e+01 -1.325850783193398275e-01 3.674686980915775059e-01 1.891172435670468843e+01
3.600000000000000000e+02 1.904324728484851903e+01 -1.367449384820144942e-01 3.983180914104917925e-01 1.890650234636650495e+01
3.610000000000000000e+02 1.904220293529535013e+01 -1.395841845546217097e-01 4.284947308211571326e-01 1.890261875074072861e+01
3.620000000000000000e+02 1.904117707026222917e+01 -1.411899980365733942e-01 4.578603221352998687e-01 1.889998707222565599e+01
3.630000000000000000e+02 1.904017036764943782e+01 -1.416442013114998510e-01 4.863062703131348363e-01 1.889852616633793758e+01
3.640000000000000000e+02 1.903918349923235809e+01 -1.410235715867840245e-01 5.137469088742337986e-01 1.889815992764557251e+01
3.650000000000000000e+02 1.903821713053416076e+01 -1.394001395025819268e-01 5.401145776623634820e-01 1.889881699103158041e+01
3.660000000000000000e+02 1.903727192069841934e+01 -1.368414732846904847e-01 5.653559479648164743e-01 1.890043044741372924e+01
3.670000000000000000e+02 1.903634852236173458e+01 -1.334109492772971861e-01 5.894292125352649236e-01 1.890293757308443645e+01
3.680000000000000000e+02 1.903544758152637328e+01 -1.291680096554319590e-01 6.123018912562148142e-01 1.890627957187093955e+01
3.690000000000000000e+02 1.903456973743287506e+01 -1.241684080827627629e-01 6.339490860160653662e-01 1.891040132935011187e+01
3.700000000000000000e+02 1.903371562243270532e+01 -1.184644440483568484e-01 6.543520710359322923e-01 1.891525117838434866e+01
3.710000000000000000e+02 1.903288586186086917e+01 -1.121051865857894542e-01 6.734971391061792545e-01 1.892078067527507912e+01
3.720000000000000000e+02 1.903208107390853954e+01 -1.051366880497062450e-01 6.913746469261673466e-01 1.892694438585883177e+01
3.730000000000000000e+02 1.903130186949570657e+01 -9.760218859837282990e-02 7.079782181653853090e-01 1.893369968089733391e+01
3.740000000000000000e+02 1.903054885214376668e+01 -8.954231200594681139e-02 7.233040735460133375e-01 1.894100654013782048e+01
3.750000000000000000e+02 1.902982261784819684e+01 -8.099525340505371596e-02 7.373504647920118282e-01 1.894882736444314375e+01
3.760000000000000000e+02 1.902912375495113650e+01 -7.199695953867801812e-02 7.501171947212895708e-01 1.895712679541246004e+01
3.770000000000000000e+02 1.902845284401404768e+01 -6.258130208039532072e-02 7.616052097400853871e-01 1.896587154193365166e+01
3.780000000000000000e+02 1.902781045769034662e+01 -5.278024456339232284e-02 7.718162539717141613e-01 1.897503021312695282e+01
3.790000000000000000e+02 1.902719716059801769e+01 -4.262400344175543143e-02 7.807525765108009885e-01 1.898457315715626237e+01
3.800000000000000000e+02 1.902661350919221661e+01 -3.214120379175188641e-02 7.884166850409485283e-01 1.899447230540046405e+01
3.810000000000000000e+02 1.902606005163796254e+01 -2.135903014663288052e-02 7.948111404295447047e-01 1.900470102149132856e+01
3.820000000000000000e+02 1.902553732768271999e+01 -1.030337294549943036e-02 7.999383880171396788e-01 1.901523395473721934e+01
3.830000000000000000e+02 1.902504586852902335e+01 1.001028934940149115e-03 8.038006222224883812e-01 1.902604689746396360e+01
3.840000000000000000e+02 1.902458619670713702e+01 1.253044910708784807e-02 8.063996818405279043e-01 1.903711664581422625e+01
3.850000000000000000e+02 1.902415882594765861e+01 2.426203760834439588e-02 8.077369740589048774e-01 1.904842086355600372e+01
3.860000000000000000e+02 1.902376426105416840e+01 3.617368740463947074e-02 8.078134257894430403e-01 1.905993794845880629e+01
3.870000000000000000e+02 1.902340299777582189e+01 4.824390302675621994e-02 8.066294614290481224e-01 1.907164690080257685e+01
3.880000000000000000e+02 1.902307552268002055e+01 6.045167091021908662e-02 8.041850066498672511e-01 1.908352719359023908e+01
3.890000000000000000e+02 1.902278231302500444e+01 7.277633101367961266e-02 8.004795182893315042e-01 1.909555864403868242e+01
3.900000000000000000e+02 1.902252383663251223e+01 8.519744929402911504e-02 7.955120408837671464e-01 1.910772128592654084e+01
3.910000000000000000e+02 1.902230055176038448e+01 9.769469061839392010e-02 7.892812908814564876e-01 1.911999524237877779e+01
3.920000000000000000e+02 1.902211290697522372e+01 1.102476916940328816e-01 7.817857701007469018e-01 1.913236059866925487e+01
3.930000000000000000e+02 1.902196134102496217e+01 1.228359335968425836e-01 7.730239105865216453e-01 1.914479727462180492e+01
3.940000000000000000e+02 1.902184628271156797e+01 1.354386134777036677e-01 7.629942536895919503e-01 1.915728489618927100e+01
3.950000000000000000e+02 1.902176815076359873e+01 1.480345150233476348e-01 7.516956669792224099e-01 1.916980266578694625e+01
3.960000000000000000e+02 1.902172735370888290e+01 1.606018772445118870e-01 7.391276035395607513e-01 1.918232923095339615e+01
3.970000000000000000e+02 1.902172428974715856e+01 1.731182611593058696e-01 7.252904093500636140e-01 1.919484255090646485e+01
3.980000000000000000e+02 1.902175934662262335e+01 1.855604139334936786e-01 7.101856858798021310e-01 1.920731976055611767e+01
3.990000000000000000e+02 1.902183290149665140e+01 1.979041300321311703e-01 6.938167168357567416e-01 1.921973703152878343e+01
4.000000000000000000e+02 1.902194532082036460e+01 2.101241089282169794e-01 6.761889703338875846e-01 1.923206942974858080e+01
4.010000000000000000e+02 1.902209696020729268e+01 2.221938089045012998e-01 6.573106908063637288e-01 1.924429076911179237e+01
4.020000000000000000e+02 1.902228816430597291e+01 2.340852964731768571e-01 6.371935990014255813e-01 1.925637346077914813e+01
4.030000000000000000e+02 1.902251926667261728e+01 2.457690909260372703e-01 6.158537238867420882e-01 1.926828835759865299e+01
4.040000000000000000e+02 1.902279058964372283e+01 2.572140035138288927e-01 5.933123977455602160e-01 1.928000459315755322e+01
4.050000000000000000e+02 1.902310244420865715e+01 2.683869707384515246e-01 5.695974561764264310e-01 1.929148941494710812e+01
4.060000000000000000e+02 1.902345512988236109e+01 2.792528812251771075e-01 5.447446994743451176e-01 1.930270801110753709e+01
4.070000000000000000e+02 1.902384893457793424e+01 2.897743956241996544e-01 5.187996931536517087e-01 1.931362333020213384e+01
4.080000000000000000e+02 1.902428413447925237e+01 2.999117589711611243e-01 4.918200165677829028e-01 1.932419589345041189e+01
4.090000000000000000e+02 1.902476099391364528e+01 3.096226049156153848e-01 4.638781150725885261e-01 1.933438359882925894e+01
4.100000000000000000e+02 1.902527976522448583e+01 3.188617512036232560e-01 4.350649815535020393e-01 1.934414151642810964e+01
4.110000000000000000e+02 1.902584068864379319e+01 3.275809857764994670e-01 4.054950010854639353e-01 1.935342167442029293e+01
4.120000000000000000e+02 1.902644399216493554e+01 3.357288428217868326e-01 3.753124595237657957e-01 1.936217283498672259e+01
4.130000000000000000e+02 1.902708989141522267e+01 3.432503680849351424e-01 3.447004751760088803e-01 1.937034025950015703e+01
4.140000000000000000e+02 1.902777858952846302e+01 3.500868727203333419e-01 3.138935047769101927e-01 1.937786546224879558e+01
4.150000000000000000e+02 1.902851027701775877e+01 3.561756749291978830e-01 2.831951342643158620e-01 1.938468595194695610e+01
4.160000000000000000e+02 1.902928513164794211e+01 3.614498285980021763e-01 2.530035253798325057e-01 1.939073496024594334e+01
4.170000000000000000e+02 1.903010331830835966e+01 3.658378381158500781e-01 2.238471529447391140e-01 1.939594115642421102e+01
4.180000000000000000e+02 1.903096498888539401e+01 3.692633585111551042e-01 1.964313484040516866e-01 1.940022834739654911e+01
4.190000000000000000e+02 1.903187028213516996e+01 3.716449021999212454e-01 1.716854120725954669e-01 1.940351518433509170e+01
4.200000000000000000e+02 1.903281932355611161e+01 3.729882991712140661e-01 1.506697407055902493e-01 1.940580762272732684e+01
4.210000000000000000e+02 1.903381222526164862e+01 3.735964328321604300e-01 1.341635732920419266e-01 1.940740865809381077e+01
4.220000000000000000e+02 1.903484908585275903e+01 3.732850378987357942e-01 1.222846556625267200e-01 1.940813412375149483e+01
4.230000000000000000e+02 1.903592999029066846e+01 3.702793119277720812e-01 1.141097213744693556e-01 1.940620930221843921e+01
4.240000000000000000e+02 1.903705500976945686e+01 3.627708291072095914e-01 1.083819271687334884e-01 1.939982583887666578e+01
4.250000000000000000e+02 1.903822420158865469e+01 3.495532199694757480e-01 1.040708437138607445e-01 1.938777742155813044e+01
4.260000000000000000e+02 1.903943760902592430e+01 3.298761643332379645e-01 1.006279970515725763e-01 1.936931377335916338e+01
4.270000000000000000e+02 1.904069526120966671e+01 3.038779566661937159e-01 9.779035909379460434e-02 1.934457321787586181e+01
4.280000000000000000e+02 1.904199717299160710e+01 2.718523529334329059e-01 9.555323842730255313e-02 1.931384952592503979e+01
4.290000000000000000e+02 1.904334334481949398e+01 2.346552700009443271e-01 9.348000120152519243e-02 1.927799861482044008e+01
4.300000000000000000e+02 1.904473376260969886e+01 1.941674035188127589e-01 9.097368456832061190e-02 1.923890116612851031e+01
4.310000000000000000e+02 1.904616839761982305e+01 1.523813333005121506e-01 8.791378141513099542e-02 1.919854973092033390e+01
4.320000000000000000e+02 1.904764720632135422e+01 1.108701135045492558e-01 8.393774390827764276e-02 1.915851731982590422e+01
4.330000000000000000e+02 1.904917013027228023e+01 7.046112247650510030e-02 7.790301846246157347e-02 1.911963125274878550e+01
4.340000000000000000e+02 1.905073709598973153e+01 3.190741635710524909e-02 6.939595933078313017e-02 1.908264451234683534e+01
4.350000000000000000e+02 1.905234801482258788e+01 -4.030960546564594030e-03 5.956296042665682605e-02 1.904831705427602273e+01
4.360000000000000000e+02 1.905400278282411364e+01 -3.659621195970644975e-02 5.251093790259150906e-02 1.901740657086440578e+01
4.370000000000000000e+02 1.905570128062462132e+01 -6.557760036676896220e-02 5.478936221758733821e-02 1.899012368025785236e+01
4.380000000000000000e+02 1.905744337330404647e+01 -9.136293299285377922e-02 6.915560493135337883e-02 1.896608044031119178e+01
4.390000000000000000e+02 1.905922891026460775e+01 -1.141688254295321336e-01 9.187339535344521413e-02 1.894506008483507387e+01
4.400000000000000000e+02 1.906105772510340657e+01 -1.342022500544227115e-01 1.183566655669671813e-01 1.892685547504898480e+01
4.410000000000000000e+02 1.906292963548512631e+01 -1.516600901289313075e-01 1.461821506090179579e-01 1.891126954535619475e+01
4.420000000000000000e+02 1.906484444301455383e+01 -1.667286399907272898e-01 1.740884244221489463e-01 1.889811580302382765e+01
4.430000000000000000e+02 1.906680193310928928e+01 -1.795842670332878643e-01 2.013256198788433982e-01 1.888721766607600117e+01
4.440000000000000000e+02 1.906880187487237777e+01 -1.903940439927973849e-01 2.273933169705272261e-01 1.887840783087958130e+01
4.450000000000000000e+02 1.907084402096484510e+01 -1.993163533412803390e-01 2.519302135821521738e-01 1.887152766762356393e+01
4.460000000000000000e+02 1.907292810747845380e+01 -2.065014655110749275e-01 2.746622973187529126e-01 1.886642664196737940e+01
4.470000000000000000e+02 1.907505385380825658e+01 -2.120920926066139356e-01 2.953756453729488585e-01 1.886296176120164247e+01
4.480000000000000000e+02 1.907722096252519961e+01 -2.162239191948009120e-01 3.139007090207127093e-01 1.886099704333039995e+01
4.490000000000000000e+02 1.907942911924881457e+01 -2.190261117043214856e-01 3.301025047128596235e-01 1.886040300754449461e+01
4.500000000000000000e+02 1.908167799251984675e+01 -2.206218079075210059e-01 3.438741304498387774e-01 1.886105618461232680e+01
4.510000000000000000e+02 1.908396723367280856e+01 -2.211285879056134884e-01 3.551323175315146408e-01 1.886283864576719438e+01
4.520000000000000000e+02 1.908629647670868934e+01 -2.206589279884038635e-01 3.638143303991466793e-01 1.886563754872028653e+01
4.530000000000000000e+02 1.908866533816752664e+01 -2.193206386943127306e-01 3.698758306289609554e-01 1.886934469947321347e+01
4.540000000000000000e+02 1.909107341700109117e+01 -2.172172883539286448e-01 3.732894861016982091e-01 1.887385612864716222e+01
4.550000000000000000e+02 1.909352029444545806e+01 -2.144486133616219370e-01 3.740442044817537948e-01 1.887907168108383615e+01
4.560000000000000000e+02 1.909600553389367406e+01 -2.111109163838091884e-01 3.721449358461655921e-01 1.888489461750986464e+01
4.570000000000000000e+02 1.909852868076838206e+01 -2.072974536801694689e-01 3.676130411478011339e-01 1.889123122708821256e+01
4.580000000000000000e+02 1.910108926239438532e+01 -2.030988126844548713e-01 3.604872732320192341e-01 1.889799044970992981e+01
4.590000000000000000e+02 1.910368678787141761e+01 -1.986032809653066611e-01 3.508254758992608857e-01 1.890508350690610939e+01
4.600000000000000000e+02 1.910632074794658308e+01 -1.938972076637098529e-01 3.387071867227631761e-01 1.891242354028287309e+01
4.610000000000000000e+02 1.910899061488719397e+01 -1.890653584833055789e-01 3.242374501039226864e-01 1.891992525640388934e+01
4.620000000000000000e+02 1.911169584235322816e+01 -1.841912652919913407e-01 3.075523405006307387e-01 1.892750457706123512e+01
4.630000000000000000e+02 1.911443586526998573e+01 -1.793575713779656522e-01 2.888270186187646971e-01 1.893507829389201902e+01
4.640000000000000000e+02 1.911721009970084850e+01 -1.746463733912821947e-01 2.682876973690657696e-01 1.894256372630956520e+01
4.650000000000000000e+02 1.912001794271974831e+01 -1.701395609925912822e-01 2.462298589809521210e-01 1.894987838172715655e+01
4.660000000000000000e+02 1.912285877228386610e+01 -1.659191552233612033e-01 2.230467304453477018e-01 1.895693961706050601e+01
4.670000000000000000e+02 1.912573194710623170e+01 -1.620676466082029143e-01 1.992747286247376071e-01 1.896366430049802787e+01
4.680000000000000000e+02 1.912863680652843712e+01 -1.586683339979964580e-01 1.756660412712914565e-01 1.896996847253043939e+01
4.690000000000000000e+02 1.913157267039316878e+01 -1.558056651638398682e-01 1.532984065733325185e-01 1.897576700522932924e+01
4.700000000000000000e+02 1.913453883891684626e+01 -1.535655801554771938e-01 1.337075381089005421e-01 1.898097325876137020e+01
4.710000000000000000e+02 1.913753459256229306e+01 -1.520358578060713728e-01 1.189153647292447158e-01 1.898549873475622007e+01
4.720000000000000000e+02 1.914055919191135757e+01 -1.512708789513615704e-01 1.104795664277293810e-01 1.898928831295999586e+01
4.730000000000000000e+02 1.914361187753750571e+01 -1.511960685430934759e-01 1.073961454946175953e-01 1.899241580899441217e+01
4.740000000000000000e+02 1.914669186987848448e+01 -1.516580041158738235e-01 1.077052183546374359e-01 1.899503386576261121e+01
4.750000000000000000e+02 1.914979836910894306e+01 -1.523278980530790028e-01 1.092945545850326911e-01 1.899747047105586262e+01
4.760000000000000000e+02 1.915293055501304664e+01 -1.528386427365957534e-01 1.108200859960587897e-01 1.900009191227644934e+01
4.770000000000000000e+02 1.915608758685714008e+01 -1.528231641980594691e-01 1.118430425066156975e-01 1.900326442265907900e+01
4.780000000000000000e+02 1.915926860326231917e+01 -1.523913918276345592e-01 1.123129446104101370e-01 1.900687721143468423e+01
4.790000000000000000e+02 1.916247272207710139e+01 -1.528536773316053199e-01 1.119375228124786792e-01 1.900961904474549513e+01
4.800000000000000000e+02 1.916569904025003979e+01 -1.553889098212535569e-01 1.105277785615129682e-01 1.901031013042878470e+01
4.810000000000000000e+02 1.916894663370238661e+01 -1.604396204926191449e-01 1.078543745530019388e-01 1.900850701320976910e+01
4.820000000000000000e+02 1.917221455720064682e+01 -1.678520547302845001e-01 1.038514511606778157e-01 1.900436250247036085e+01
4.830000000000000000e+02 1.917550184422926662e+01 -1.763183838333690634e-01 9.850047864614563942e-02 1.899918346039589778e+01
4.840000000000000000e+02 1.917880750686328284e+01 -1.843687511028803405e-01 9.229212355765338549e-02 1.899443875576040242e+01
4.850000000000000000e+02 1.918213053564084447e+01 -1.904285722682371174e-01 8.614772419714647467e-02 1.899170196337260563e+01
4.860000000000000000e+02 1.918546989943595449e+01 -1.927308181084581296e-01 8.125789619456046109e-02 1.899273908132749611e+01
4.870000000000000000e+02 1.918882454533106952e+01 -1.902393294783918665e-01 7.868025677083859137e-02 1.899858521585267823e+01
4.880000000000000000e+02 1.919219339848966399e+01 -1.833011901884189498e-01 7.864453420278091911e-02 1.900889220830124415e+01
4.890000000000000000e+02 1.919557536202896486e+01 -1.726367109527539301e-01 8.104797650115150298e-02 1.902293865107620974e+01
4.900000000000000000e+02 1.919896931689246600e+01 -1.593522261842417187e-01 8.520231133631535336e-02 1.903961709070822295e+01
4.910000000000000000e+02 1.920237412172268421e+01 -1.447435922103198769e-01 9.027183003977194697e-02 1.905763052951236602e+01
4.920000000000000000e+02 1.920578861273360971e+01 -1.303577129737460150e-01 9.506769228475478450e-02 1.907543089975986206e+01
4.930000000000000000e+02 1.920921160358355451e+01 -1.177643234639935144e-01 9.920402613164541750e-02 1.909144728011956005e+01
4.940000000000000000e+02 1.921264188524761707e+01 -1.085043701822099443e-01 1.031236493621136147e-01 1.910413751506540692e+01
4.950000000000000000e+02 1.921607822589035663e+01 -1.028347953340377763e-01 1.073674322293102501e-01 1.911324343055632013e+01
4.960000000000000000e+02 1.921951937073843197e+01 -9.938457940437613047e-02 1.123211376534250239e-01 1.912013479133405625e+01
4.970000000000000000e+02 1.922296404195322950e+01 -9.668551126089239278e-02 1.188353990891515971e-01 1.912627853069233552e+01
4.980000000000000000e+02 1.922641093850350558e+01 -9.330588787085113134e-02 1.279906732181399776e-01 1.913310505063265410e+01
4.990000000000000000e+02 1.922985873603792939e+01 -8.863867844012431052e-02 1.395952111968311038e-01 1.914122005759780620e+01
5.000000000000000000e+02 1.923330608675787445e+01 -8.292593246660752426e-02 1.521701737476849337e-01 1.915038015429126617e+01
5.010000000000000000e+02 1.923675161928988331e+01 -7.644457372736000733e-02 1.644048550909658624e-01 1.916030704556252218e+01
5.020000000000000000e+02 1.924019393855837379e+01 -6.946820198664345469e-02 1.753048903260336633e-01 1.917072573657172896e+01
5.030000000000000000e+02 1.924363162565825291e+01 -6.226818809400707505e-02 1.841583484008688931e-01 1.918136343756424722e+01
5.040000000000000000e+02 1.924706323772760896e+01 -5.511476225687585162e-02 1.904780056386749798e-01 1.919194847547073479e+01
5.050000000000000000e+02 1.925048730782020456e+01 -4.827809870669760861e-02 1.939539363257239690e-01 1.920220920911350859e+01
5.060000000000000000e+02 1.925390234477818296e+01 -4.202939996779034293e-02 1.944222073708916643e-01 1.921187294481039132e+01
5.070000000000000000e+02 1.925730683310476721e+01 -3.664198393698561707e-02 1.918479793491686958e-01 1.922066484916778251e+01
5.080000000000000000e+02 1.926069923283672836e+01 -3.239237698901311496e-02 1.863208587607999567e-01 1.922830685584771615e+01
5.090000000000000000e+02 1.926407797941717348e+01 -2.956141633812121861e-02 1.780616827228072574e-01 1.923451656307905111e+01
5.100000000000000000e+02 1.926744148356805297e+01 -2.843536491030881908e-02 1.674414487618425262e-01 1.923900611865774479e+01
5.110000000000000000e+02 1.927078813116284550e+01 -2.930704201322337915e-02 1.550139247208620619e-01 1.924148108914962307e+01
5.120000000000000000e+02 1.927411628309921454e+01 -3.247697313135955444e-02 1.415612103205995675e-01 1.924163930996785510e+01
5.130000000000000000e+02 1.927742427517155122e+01 -3.825456222447152360e-02 1.281386921386488409e-01 1.923916971294708134e+01
5.140000000000000000e+02 1.928071041794367346e+01 -4.693453229735315702e-02 1.159251637739570490e-01 1.923377588564632035e+01
5.150000000000000000e+02 1.928397299662144704e+01 -5.865539437892773600e-02 1.053357839949629615e-01 1.922531760224251940e+01
5.160000000000000000e+02 1.928721027092539231e+01 -7.349804377414546896e-02 9.669549186467289725e-02 1.921371222715124816e+01
5.170000000000000000e+02 1.929042047496330525e+01 -9.146474010083102679e-02 9.059288702216260203e-02 1.919895573486247287e+01
5.180000000000000000e+02 1.929360181710292110e+01 -1.119731115725426385e-01 8.694746516616642940e-02 1.918162870553037891e+01
5.190000000000000000e+02 1.929675247984449982e+01 -1.343503206012701678e-01 8.548731970771648869e-02 1.916240215924322854e+01
5.200000000000000000e+02 1.929987061969351103e+01 -1.588237138767444045e-01 8.532963709972823940e-02 1.914104690581676493e+01
5.210000000000000000e+02 1.930295436703318757e+01 -1.855858992659377704e-01 8.569329390283526859e-02 1.911736846776724974e+01
5.220000000000000000e+02 1.930600182599724945e+01 -2.132752887328124569e-01 8.596746101162885956e-02 1.909272653726443636e+01
5.230000000000000000e+02 1.930901107434241837e+01 -2.400280717764352589e-01 8.603018825207491005e-02 1.906898300256598233e+01
5.240000000000000000e+02 1.931198016332113099e+01 -2.633758784619651405e-01 8.560003964940193777e-02 1.904860428485916657e+01
5.250000000000000000e+02 1.931490711755416712e+01 -2.806391821578999024e-01 8.499449951940542258e-02 1.903426793539626871e+01
5.260000000000000000e+02 1.931778993490321383e+01 -2.891137476113134208e-01 8.549557123138275261e-02 1.902867618729190013e+01
5.270000000000000000e+02 1.932062658634357888e+01 -2.872841726103071425e-01 8.841320099127365773e-02 1.903334241373327274e+01
5.280000000000000000e+02 1.932341501583670507e+01 -2.776929388818048516e-01 9.330445538637338609e-02 1.904572207695489894e+01
5.290000000000000000e+02 1.932615314020294761e+01 -2.634575334796441792e-01 9.937139719118270875e-02 1.906269560672330243e+01
5.300000000000000000e+02 1.932883884899402460e+01 -2.469976931162426448e-01 1.056554183279493492e-01 1.908184115587778251e+01
5.310000000000000000e+02 1.933147000436583696e+01 -2.303443574533182991e-01 1.115246209822590845e-01 1.910112564691251791e+01
5.320000000000000000e+02 1.933404444095097574e+01 -2.144599919526325726e-01 1.163642002291409988e-01 1.911958444899834220e+01
5.330000000000000000e+02 1.933655996573137159e+01 -1.995568435213805614e-01 1.196859402209431017e-01 1.913700312220998967e+01
5.340000000000000000e+02 1.933901435791087664e+01 -1.857147948771287471e-01 1.212867169933348199e-01 1.915329956303374814e+01
5.350000000000000000e+02 1.934140536878802408e+01 -1.728541341746308302e-01 1.211042452289038812e-01 1.916855123461339261e+01
5.360000000000000000e+02 1.934373072162856388e+01 -1.609384181919882029e-01 1.191507965403254127e-01 1.918279230343657460e+01
5.370000000000000000e+02 1.934598811153806963e+01 -1.500586282903712265e-01 1.153731374323697795e-01 1.919592948324769921e+01
5.380000000000000000e+02 1.934817520533457369e+01 -1.403989672258766641e-01 1.097972136976743257e-01 1.920777623810869628e+01
5.390000000000000000e+02 1.935028964142139429e+01 -1.322838202104384409e-01 1.024978862051990902e-01 1.921800582121095502e+01
5.400000000000000000e+02 1.935232902965930890e+01 -1.260334151191449537e-01 9.402551083090569806e-02 1.922629561454016311e+01
5.410000000000000000e+02 1.935429095123975785e+01 -1.211185770116432886e-01 8.547868213736731224e-02 1.923317237422811488e+01
5.420000000000000000e+02 1.935617295855701769e+01 -1.159525943575181878e-01 7.861261471004028778e-02 1.924022036419949799e+01
5.430000000000000000e+02 1.935797257508102831e+01 -1.096803965561003735e-01 7.503799224030156811e-02 1.924829217852492746e+01
5.440000000000000000e+02 1.935968729522994991e+01 -1.026068185928658977e-01 7.537297936059575432e-02 1.925708047663708555e+01
5.450000000000000000e+02 1.936131458424294749e+01 -9.387735821863912866e-02 7.897237140694358948e-02 1.926743722602430964e+01
5.460000000000000000e+02 1.936285187805255603e+01 -8.138405814169510921e-02 8.424163902721344688e-02 1.928146781991086200e+01
5.470000000000000000e+02 1.936429658315755375e+01 -6.518262524247625533e-02 8.988089910067835475e-02 1.929911395791507900e+01
5.480000000000000000e+02 1.936564607649544456e+01 -4.776297359203231924e-02 9.495156040059772595e-02 1.931788310290341215e+01
5.490000000000000000e+02 1.936689770531517851e+01 -3.171695568229070117e-02 9.911789656356533029e-02 1.933518074963288669e+01
5.500000000000000000e+02 1.936804878704964494e+01 -1.952732495850114172e-02 1.025619647483766161e-01 1.934852146209114210e+01
5.510000000000000000e+02 1.936909660918847109e+01 -1.253973371736570239e-02 1.059352835202626714e-01 1.935655687547110659e+01
5.520000000000000000e+02 1.937003842915054719e+01 -1.128744243002502597e-02 1.102220855593483984e-01 1.935875098672052275e+01
5.530000000000000000e+02 1.937087147415671495e+01 -1.520724383731204485e-02 1.159514797101909994e-01 1.935566423031940175e+01
5.540000000000000000e+02 1.937159294110221808e+01 -2.264871805720168607e-02 1.227068031659802466e-01 1.934894422304501660e+01
5.550000000000000000e+02 1.937219999642964297e+01 -3.167898061795270531e-02 1.298342077203808731e-01 1.934052101581168870e+01
5.560000000000000000e+02 1.937268977600126618e+01 -4.036446457848899549e-02 1.370058656854216683e-01 1.933232531142277821e+01
5.570000000000000000e+02 1.937305938497186375e+01 -4.691446817846655487e-02 1.441161048348583718e-01 1.932614491679339608e+01
5.580000000000000000e+02 1.937330589766119004e+01 -5.097079006454641875e-02 1.505693272040116437e-01 1.932233510759664341e+01
5.590000000000000000e+02 1.937342635742676933e+01 -5.299336627332555671e-02 1.555724117602488854e-01 1.932043299115344226e+01
5.600000000000000000e+02 1.937341777653632846e+01 -5.344386027902777586e-02 1.585693246955079405e-01 1.931997391625730032e+01
5.610000000000000000e+02 1.937327713604067014e+01 -5.277758294634932873e-02 1.592582644028305849e-01 1.932049955309432221e+01
5.620000000000000000e+02 1.937300138564608076e+01 -5.144527194910223505e-02 1.575912961939212875e-01 1.932155611369697823e+01
5.630000000000000000e+02 1.937258744358700824e+01 -4.989485757127212068e-02 1.537812927146333108e-01 1.932269258601573725e+01
5.640000000000000000e+02 1.937203219649881802e+01 -4.857322007394641872e-02 1.483212981648835138e-01 1.932345897642487031e+01
5.650000000000000000e+02 1.937133249929026846e+01 -4.792794378900243346e-02 1.420076376879297608e-01 1.932340455550126634e+01
5.660000000000000000e+02 1.937048517501625611e+01 -4.831065871808613160e-02 1.358845019192486681e-01 1.932217451629816907e+01
5.670000000000000000e+02 1.936948701475030887e+01 -4.949813852581219642e-02 1.309266634994133982e-01 1.931998887622449601e+01
5.680000000000000000e+02 1.936833477745734911e+01 -5.109192375020050331e-02 1.279060593544681379e-01 1.931724285370714966e+01
5.690000000000000000e+02 1.936702518986628974e+01 -5.292196326463005640e-02 1.262772537443233034e-01 1.931410322660165946e+01
5.700000000000000000e+02 1.936555494634260199e+01 -5.491580805327538756e-02 1.250422976132843644e-01 1.931063913828932499e+01
5.710000000000000000e+02 1.936392070876096483e+01 -5.700180690655035770e-02 1.235331134102069656e-01 1.930691890185441295e+01
5.720000000000000000e+02 1.936211910637792144e+01 -5.911536983357410652e-02 1.213986203363306288e-01 1.930300373654434765e+01
5.730000000000000000e+02 1.936014673570457489e+01 -6.121799396337503779e-02 1.183177884112012745e-01 1.929892874174120010e+01
5.740000000000000000e+02 1.935800016037896398e+01 -6.327711163086047197e-02 1.144269138309315093e-01 1.929472304874810362e+01
5.750000000000000000e+02 1.935567591103909635e+01 -6.525963472595203152e-02 1.105260514617816131e-01 1.929041627631314526e+01
5.760000000000000000e+02 1.935317048519513605e+01 -6.699158064039276161e-02 1.078926877605228957e-01 1.928617890455474182e+01
5.770000000000000000e+02 1.935048034710237275e+01 -6.788485208027628115e-02 1.077891371457710828e-01 1.928259549502209680e+01
5.780000000000000000e+02 1.934760192763368991e+01 -6.774861127855597021e-02 1.115283616487103280e-01 1.927985331635513333e+01
5.790000000000000000e+02 1.934453162415216809e+01 -6.779569965739633275e-02 1.194363051897368855e-01 1.927673592449477269e+01
5.800000000000000000e+02 1.934126580038382670e+01 -6.868089656628900697e-02 1.307466022344238032e-01 1.927258490381753830e+01
5.810000000000000000e+02 1.933780078629021659e+01 -7.064635277332435848e-02 1.440313172492556915e-01 1.926715443351689316e+01
5.820000000000000000e+02 1.933413287794095581e+01 -7.388852510156411479e-02 1.581362637347257516e-01 1.926024435283939340e+01
5.830000000000000000e+02 1.933025833738646426e+01 -7.841361599545257355e-02 1.721563518910476931e-01 1.925184472139101288e+01
5.840000000000000000e+02 1.932617339253054212e+01 -8.381298159792904823e-02 1.851608081527428007e-01 1.924236041093261207e+01
5.850000000000000000e+02 1.932187423700303341e+01 -8.962666503537025653e-02 1.964343465921520593e-01 1.923224757196766177e+01
5.860000000000000000e+02 1.931735703003241156e+01 -9.539600956366084406e-02 2.054698989522811270e-01 1.922196102046875055e+01
5.870000000000000000e+02 1.931261789631845716e+01 -1.006618420954458748e-01 2.119242001940249420e-01 1.921195605422301256e+01
5.880000000000000000e+02 1.930765292590485771e+01 -1.049626548770248025e-01 2.155869599365119182e-01 1.920269027102783355e+01
5.890000000000000000e+02 1.930245817405180020e+01 -1.078327799585497848e-01 2.163625861357729996e-01 1.919462539409325075e+01
5.900000000000000000e+02 1.929702966110861340e+01 -1.088005510818561700e-01 2.142624122148312216e-01 1.918822911002675724e+01
5.910000000000000000e+02 1.929136337238655585e+01 -1.073864475768480375e-01 2.094062532199154891e-01 1.918397692480970917e+01
5.920000000000000000e+02 1.928545525803113492e+01 -1.031012148099946096e-01 2.020333139516172216e-01 1.918235404322113880e+01
5.930000000000000000e+02 1.927930123289500486e+01 -9.544395566684420185e-02 1.925234701851950558e-01 1.918385727722816014e+01
5.940000000000000000e+02 1.927289717641053102e+01 -8.390018747440912417e-02 1.814300447104420788e-01 1.918899698893612182e+01
5.950000000000000000e+02 1.926623893246227581e+01 -6.793985867847998628e-02 1.695223312047828002e-01 1.919829907378379730e+01
5.960000000000000000e+02 1.925932230925980448e+01 -4.701531948559545954e-02 1.578249482381075264e-01 1.921230698977420914e+01
5.970000000000000000e+02 1.925214307921027057e+01 -2.060609516509641706e-02 1.475725534020490004e-01 1.923153698404517442e+01
5.980000000000000000e+02 1.924469697879096586e+01 1.083190124922979967e-02 1.393120031703053707e-01 1.925552888004019536e+01
5.990000000000000000e+02 1.923697970842197691e+01 4.590698095130690826e-02 1.330003265392610268e-01 1.928288668937328509e+01
6.000000000000000000e+02 1.922898693233897660e+01 8.320328811093799515e-02 1.290535544700213422e-01 1.931219022044991362e+01
6.010000000000000000e+02 1.922071427846555380e+01 1.213190263044772732e-01 1.285209864791552192e-01 1.934203330477003036e+01
6.020000000000000000e+02 1.921215733828610439e+01 1.589724431649469638e-01 1.325959444776736718e-01 1.937112978145105302e+01
6.030000000000000000e+02 1.920331166671835987e+01 1.950092985196302531e-01 1.422930291999175423e-01 1.939832096523798910e+01
6.040000000000000000e+02 1.919417278198586274e+01 2.285938235927796325e-01 1.579476737261578667e-01 1.942276660557864076e+01
6.050000000000000000e+02 1.918473616549092498e+01 2.591924121983387175e-01 1.791859938412187214e-01 1.944392857768926319e+01
6.060000000000000000e+02 1.917499726168705720e+01 2.867208305738913610e-01 2.048601565271819802e-01 1.946171809226094851e+01
