-7.000000000000000000e+01 1.458283440313545753e+01 2.040347861614635050e-01 9.595122495088628245e-01 1.478686918929692062e+01
-6.900000000000000000e+01 1.461544031306936731e+01 2.114806277546410207e-01 9.558688562627131180e-01 1.482692094082400835e+01
-6.800000000000000000e+01 1.464774238857615707e+01 2.191117248174183074e-01 9.519452680445286141e-01 1.486685411339357543e+01
-6.700000000000000000e+01 1.467974300637865959e+01 2.269249671529113555e-01 9.477221865529956712e-01 1.490666797353157058e+01
-6.600000000000000000e+01 1.471144453083900139e+01 2.349162859487877453e-01 9.431792231206438393e-01 1.494636081678778972e+01
-6.500000000000000000e+01 1.474284931398970855e+01 2.430805544768540050e-01 9.382948633720739062e-01 1.498592986846656316e+01
-6.400000000000000000e+01 1.477395969556480537e+01 2.514114805799365637e-01 9.330464341233368764e-01 1.502537117614474127e+01
-6.300000000000000000e+01 1.480477800303091840e+01 2.599014903319554204e-01 9.274100731509418161e-01 1.506467949336287404e+01
-6.200000000000000000e+01 1.483530655161837508e+01 2.685416022138792935e-01 9.213607025513610438e-01 1.510384815383225465e+01
-6.100000000000000000e+01 1.486554764435230602e+01 2.773212911019059534e-01 9.148720065171176419e-01 1.514286893545421187e+01
-6.000000000000000000e+01 1.489550357208375075e+01 2.862283413147205247e-01 9.079164144755742516e-01 1.518173191339847072e+01
-5.900000000000000000e+01 1.492517661352075287e+01 2.952486879140759357e-01 9.004650906738937977e-01 1.522042530143482963e+01
-5.800000000000000000e+01 1.495456903525946579e+01 3.043662453963968950e-01 8.924879314509677197e-01 1.525893528065586224e+01
-5.700000000000000000e+01 1.498368309181525326e+01 3.135627228531032151e-01 8.839535716180790814e-01 1.529724581466835609e+01
-5.600000000000000000e+01 1.501252102565379332e+01 3.228174246130141034e-01 8.748294015785372801e-01 1.533533845026680709e+01
-5.500000000000000000e+01 1.504108506722217342e+01 3.321070353117823726e-01 8.650815970576249958e-01 1.537319210253395596e+01
-5.400000000000000000e+01 1.506937743497999804e+01 3.414053882599962786e-01 8.546751635939364711e-01 1.541078282323999460e+01
-5.300000000000000000e+01 1.509740033543048909e+01 3.506832159037213126e-01 8.435739982687158189e-01 1.544808355133421074e+01
-5.200000000000000000e+01 1.512515596315158994e+01 3.599078810877372470e-01 8.317409715305893458e-01 1.548506384423932758e+01
-5.100000000000000000e+01 1.515264650082705700e+01 3.690430877429906609e-01 8.191380324199381002e-01 1.552168958857004810e+01
-5.000000000000000000e+01 1.517987411927757258e+01 3.780485695250068168e-01 8.057263410242159196e-01 1.555792268880257900e+01
-4.900000000000000000e+01 1.520684097749184183e+01 3.868797548285737298e-01 7.914664326206504175e-01 1.559372073232041522e+01
-4.800000000000000000e+01 1.523354922265769673e+01 3.954874064965345770e-01 7.763184187078979726e-01 1.562903662915423197e+01
-4.700000000000000000e+01 1.526000099019318945e+01 4.038172344249410517e-01 7.602422310222410884e-01 1.566381822461813123e+01
-4.600000000000000000e+01 1.528619840377770878e+01 4.118094791445612857e-01 7.431979157142931669e-01 1.569800788292227089e+01
-4.500000000000000000e+01 1.531214357538306636e+01 4.193984643273758195e-01 7.251459861764034676e-01 1.573154203971044218e+01
-4.400000000000000000e+01 1.533783860530460785e+01 4.265121160274725765e-01 7.060478446248880102e-01 1.576435072133208060e+01
-4.300000000000000000e+01 1.536328558219231333e+01 4.330714463166091543e-01 6.858662845397642815e-01 1.579635702850892187e+01
-4.200000000000000000e+01 1.538848658308189243e+01 4.389899988162536681e-01 6.645660885665456430e-01 1.582747658189814643e+01
-4.100000000000000000e+01 1.541344367342589550e+01 4.441732534585107750e-01 6.421147396516847516e-01 1.585761692688440583e+01
-4.000000000000000000e+01 1.543815890712480865e+01 4.485179876280914746e-01 6.184832672452590385e-01 1.588667689475290068e+01
-3.900000000000000000e+01 1.546263432655815784e+01 4.519115906451586784e-01 5.936472556886348562e-01 1.591454591720331635e+01
-3.800000000000000000e+01 1.548687196261561105e+01 4.542313283439831650e-01 5.675880488941809077e-01 1.594110329095959422e+01
-3.700000000000000000e+01 1.551087383472807524e+01 4.553435542837948047e-01 5.402941948385275861e-01 1.596621738901187015e+01
-3.600000000000000000e+01 1.553464195089880562e+01 4.551028638955798011e-01 5.117631863458717012e-01 1.598974481479438481e+01
-3.500000000000000000e+01 1.555817830773449906e+01 4.533511876202909185e-01 4.820035729002796199e-01 1.601152949535478953e+01
-3.400000000000000000e+01 1.558148489047640339e+01 4.499168188297473781e-01 4.510375447024229101e-01 1.603140170930615227e+01
-3.300000000000000000e+01 1.560456367303141434e+01 4.446133720396830413e-01 4.189041298464457053e-01 1.604917704507109733e+01
-3.200000000000000000e+01 1.562741661800317772e+01 4.372386666241981912e-01 3.856632072108424625e-01 1.606465528462737424e+01
-3.100000000000000000e+01 1.565004567672318991e+01 4.275735309213445912e-01 3.514006381277944846e-01 1.607761920764453478e+01
-3.000000000000000000e+01 1.567245278928190366e+01 4.153805212785653955e-01 3.162349924065732121e-01 1.608783331056046961e+01
-2.900000000000000000e+01 1.569463988455982673e+01 4.004025502239684786e-01 2.803266598899331608e-01 1.609504243478379593e+01
-2.800000000000000000e+01 1.571660888025862057e+01 3.823614175629179157e-01 2.438907615013006236e-01 1.609897029782153766e+01
-2.700000000000000000e+01 1.573836168293220972e+01 3.609562377873066774e-01 2.072166190099339611e-01 1.609931792071951762e+01
-2.600000000000000000e+01 1.575990018801787684e+01 3.358617567466971043e-01 1.706997807961424252e-01 1.609576194476457545e+01
-2.500000000000000000e+01 1.578122627986736681e+01 3.067265500630789177e-01 1.349014683764751810e-01 1.608795282993044395e+01
-2.400000000000000000e+01 1.580234183177798535e+01 2.731710952736851050e-01 1.006785367517181590e-01 1.607551292705166901e+01
-2.300000000000000000e+01 1.582324870602370659e+01 2.347857091565075938e-01 6.953186853536923173e-02 1.605803441518021302e+01
-2.200000000000000000e+01 1.584394875388627000e+01 1.911283411290768952e-01 4.470988957234733191e-02 1.603507709501534606e+01
-2.100000000000000000e+01 1.586444381568628259e+01 1.418305799353008489e-01 3.285527091230986546e-02 1.600627439562158472e+01
-2.000000000000000000e+01 1.588473572081432295e+01 8.871000525224571887e-02 3.153295437886093067e-02 1.597344572606656854e+01
-1.900000000000000000e+01 1.590482628776203811e+01 3.563380965032055675e-02 3.239390331271799206e-02 1.594046009741235892e+01
-1.800000000000000000e+01 1.592471732415324936e+01 -1.484341920024933800e-02 3.376581606764855747e-02 1.590987390495300069e+01
-1.700000000000000000e+01 1.594441062677505627e+01 -6.319994707427697977e-02 3.275799855958850398e-02 1.588121067970077860e+01
-1.600000000000000000e+01 1.596390798160892643e+01 -1.101689345413754406e-01 3.259807977601264506e-02 1.585373904706755077e+01
-1.500000000000000000e+01 1.598321116386181551e+01 -1.548224579303208170e-01 3.790864434742322042e-02 1.582838870593149494e+01
-1.400000000000000000e+01 1.600232193799724811e+01 -1.952578225912152410e-01 5.501639609551520899e-02 1.580706411540603362e+01
-1.300000000000000000e+01 1.602124205776643961e+01 -2.310125755677154558e-01 8.209540862658314120e-02 1.579022948219872369e+01
-1.200000000000000000e+01 1.603997326623937880e+01 -2.624697794057501143e-01 1.141051784490233478e-01 1.577750348683362880e+01
-1.100000000000000000e+01 1.605851729583594789e+01 -2.899950752555973121e-01 1.486448314305230667e-01 1.576852222058035125e+01
-1.000000000000000000e+01 1.607687586835700699e+01 -3.139273741172749488e-01 1.844728317492985992e-01 1.576294849423973155e+01
-9.000000000000000000e+00 1.609505069501550878e+01 -3.345806844725808804e-01 2.208332820786165218e-01 1.576047001054292807e+01
-8.000000000000000000e+00 1.611304347646759183e+01 -3.522458205446232782e-01 2.572157228636419712e-01 1.576079765592296766e+01
-7.000000000000000000e+00 1.613085590284368820e+01 -3.671919987320729217e-01 2.932551525477715693e-01 1.576366390411161511e+01
-6.000000000000000000e+00 1.614848965377961676e+01 -3.796683292964401768e-01 3.286827400397709376e-01 1.576882132448317719e+01
-5.000000000000000000e+00 1.616594639844770143e+01 -3.899052099398151450e-01 3.632979593641404992e-01 1.577604118850788595e+01
-4.000000000000000000e+00 1.618322779558784674e+01 -3.981156274971185405e-01 3.969511229793799556e-01 1.578511216809072870e+01
-3.000000000000000000e+00 1.620033549353866675e+01 -4.044963735780170988e-01 4.295315704866489726e-01 1.579583911996065027e+01
-2.000000000000000000e+00 1.621727113026856770e+01 -4.092291796287337302e-01 4.609592255575175601e-01 1.580804195063983464e+01
-1.000000000000000000e+00 1.623403633340685559e+01 -4.124817765410709880e-01 4.911783082973621983e-01 1.582155455686578449e+01
0.000000000000000000e+00 1.625063272027484373e+01 -4.144088836139624421e-01 5.201525073450408154e-01 1.583622383666088140e+01
1.000000000000000000e+00 1.626706189791694257e+01 -4.151531313703541448e-01 5.478611858547827174e-01 1.585190876654658787e+01
2.000000000000000000e+00 1.628332546313177431e+01 -4.148459224480374186e-01 5.742963463137931157e-01 1.586847954068373667e+01
3.000000000000000000e+00 1.629942500250326276e+01 -4.136082345163140661e-01 5.994601684708898981e-01 1.588581676798694886e+01
4.000000000000000000e+00 1.631536209243174085e+01 -4.115513689195011149e-01 6.233629902318692517e-01 1.590381072351224034e+01
5.000000000000000000e+00 1.633113829916505111e+01 -4.087776485128815085e-01 6.460216374491147828e-01 1.592236065065216977e+01
6.000000000000000000e+00 1.634675517882964968e+01 -4.053810679353676560e-01 6.674580328030029763e-01 1.594137411089428191e+01
7.000000000000000000e+00 1.636221427746170320e+01 -4.014478993552940689e-01 6.876980308171951606e-01 1.596076637810640975e+01
8.000000000000000000e+00 1.637751713103819640e+01 -3.970572565303923107e-01 7.067704380600723368e-01 1.598045987450780459e+01
9.000000000000000000e+00 1.639266526550802894e+01 -3.922816198393195286e-01 7.247061863500279255e-01 1.600038364566870897e+01
1.000000000000000000e+01 1.640766019682311594e+01 -3.871873247696623332e-01 7.415376333129557462e-01 1.602047287205345327e+01
1.100000000000000000e+01 1.642250343096949194e+01 -3.818350161850572189e-01 7.572979695953316881e-01 1.604066841478443450e+01
1.200000000000000000e+01 1.643719646399841849e+01 -3.762800705413181235e-01 7.720207158548253457e-01 1.606091639345709865e+01
1.300000000000000000e+01 1.645174078205747392e+01 -3.705729880782855923e-01 7.857392956384162686e-01 1.608116779397918705e+01
1.400000000000000000e+01 1.646613786142166447e+01 -3.647597568787556144e-01 7.984866726233624812e-01 1.610137810454290985e+01
1.500000000000000000e+01 1.648038916852452118e+01 -3.588821905589866246e-01 8.102950425931004785e-01 1.612150697796553445e+01
1.600000000000000000e+01 1.649449615998920038e+01 -3.529782412354240395e-01 8.211955720557322369e-01 1.614151791875377739e+01
1.700000000000000000e+01 1.650846028265958765e+01 -3.470822892997145193e-01 8.312181766687485318e-01 1.616137799335987424e+01
1.800000000000000000e+01 1.652228297363140541e+01 -3.412254114276329076e-01 8.403913336700377101e-01 1.618105756220377245e+01
1.900000000000000000e+01 1.653596566028330273e+01 -3.354356281474444867e-01 8.487419233774476934e-01 1.620053003213585896e+01
2.000000000000000000e+01 1.654950976030796284e+01 -3.297381321985074498e-01 8.562950955425104871e-01 1.621977162810945572e+01
2.100000000000000000e+01 1.656291668174320719e+01 -3.241554988216007183e-01 8.630741569554365444e-01 1.623876118292160697e+01
2.200000000000000000e+01 1.657618782300309590e+01 -3.187078790379214710e-01 8.691004772190753513e-01 1.625747994396517271e+01
2.300000000000000000e+01 1.658932457290901752e+01 -3.134131768937271634e-01 8.743934100565335932e-01 1.627591139601528880e+01
2.400000000000000000e+01 1.660232831072081083e+01 -3.082872115717313899e-01 8.789702279038409394e-01 1.629404109914908005e+01
2.500000000000000000e+01 1.661520040616786176e+01 -3.033438651984832757e-01 8.828460678761467229e-01 1.631185654096938009e+01
2.600000000000000000e+01 1.662794221948018247e+01 -2.985952171085741735e-01 8.860338874928709307e-01 1.632934700237160897e+01
2.700000000000000000e+01 1.664055510141954386e+01 -2.940516652614055260e-01 8.885444288108044208e-01 1.634650343615813739e+01
2.800000000000000000e+01 1.665304039331056174e+01 -2.897220354442252566e-01 8.903861898511284956e-01 1.636331835786633704e+01
2.900000000000000000e+01 1.666539942707179733e+01 -2.856136788357885314e-01 8.915654024214219042e-01 1.637978574823601008e+01
3.000000000000000000e+01 1.667763352524686127e+01 -2.817325584482330836e-01 8.920860156319601053e-01 1.639590096679862796e+01
3.100000000000000000e+01 1.668974400103551758e+01 -2.780833249101279381e-01 8.919496845906156324e-01 1.641166067612538981e+01
3.200000000000000000e+01 1.670173215832478775e+01 -2.746693820012466869e-01 8.911557639361742389e-01 1.642706277632354173e+01
3.300000000000000000e+01 1.671359929172004044e+01 -2.714929422988197616e-01 8.897013060391603112e-01 1.644210634942121985e+01
3.400000000000000000e+01 1.672534668657610624e+01 -2.685550732459442980e-01 8.875810638653688356e-01 1.645679161333016083e+01
3.500000000000000000e+01 1.673697561902836739e+01 -2.658557339051376700e-01 8.847874986632051630e-01 1.647111988512322966e+01
3.600000000000000000e+01 1.674848735602387606e+01 -2.633938026134079458e-01 8.813107928046975958e-01 1.648509355341046856e+01
3.700000000000000000e+01 1.675988315535243345e+01 -2.611670957097266266e-01 8.771388682846269491e-01 1.649871605964270671e+01
3.800000000000000000e+01 1.677116426567771512e+01 -2.591723774610009690e-01 8.722574115659874616e-01 1.651199188821671271e+01
3.900000000000000000e+01 1.678233192656835371e+01 -2.574053612684472081e-01 8.666499056563048420e-01 1.652492656529990711e+01
4.000000000000000000e+01 1.679338736852905001e+01 -2.558607021925720093e-01 8.602976705123016599e-01 1.653752666633647905e+01
4.100000000000000000e+01 1.680433181303167345e+01 -2.545319807913781207e-01 8.531799131042653306e-01 1.654979983224029638e+01
4.200000000000000000e+01 1.681516647254635899e+01 -2.534116782229559051e-01 8.452737887315595611e-01 1.656175479432340225e+01
4.300000000000000000e+01 1.682589255057261823e+01 -2.524911425199560244e-01 8.365544754729443699e-01 1.657340140805266060e+01
4.400000000000000000e+01 1.683651124167043278e+01 -2.517605458995090806e-01 8.269952639870628008e-01 1.658475069577092498e+01
4.500000000000000000e+01 1.684702373149135468e+01 -2.512088329275829479e-01 8.165676652583597761e-01 1.659581489856377345e+01
4.600000000000000000e+01 1.685743119680961755e+01 -2.508236593116462965e-01 8.052415393224547913e-01 1.660660753749797180e+01
4.700000000000000000e+01 1.686773480555322635e+01 -2.505913210493624921e-01 7.929852485161029696e-01 1.661714348450386325e+01
4.800000000000000000e+01 1.687793571683507210e+01 -2.504966736138097838e-01 7.797658393968753821e-01 1.662743904322126198e+01
4.900000000000000000e+01 1.688803508098402162e+01 -2.505230408072816051e-01 7.655492581879801417e-01 1.663751204017674112e+01
5.000000000000000000e+01 1.689803403957602157e+01 -2.506521128656790109e-01 7.503006054515096723e-01 1.664738192671034156e+01
5.100000000000000000e+01 1.690793372546520956e+01 -2.508638333437813728e-01 7.339844367146848292e-01 1.665706989212142730e+01
5.200000000000000000e+01 1.691773526281500040e+01 -2.511362742581034757e-01 7.165651170155505900e-01 1.666659898855689548e+01
5.300000000000000000e+01 1.692743976712920073e+01 -2.514454989082145486e-01 6.980072388610254475e-01 1.667599426822098607e+01
5.400000000000000000e+01 1.693704834528310954e+01 -2.517654117391696644e-01 6.782761149882862162e-01 1.668528293354393810e+01
5.500000000000000000e+01 1.694656209555460435e+01 -2.520675945470757240e-01 6.573383597122934852e-01 1.669449450100752941e+01
5.600000000000000000e+01 1.695598210765526304e+01 -2.523211282659008070e-01 6.351625757017678175e-01 1.670366097938936178e+01
5.700000000000000000e+01 1.696530946276145713e+01 -2.524923995070112448e-01 6.117201670073822983e-01 1.671281706325444461e+01
5.800000000000000000e+01 1.697454523354544875e+01 -2.525448909526399888e-01 5.869863044508814021e-01 1.672200034259280699e+01
5.900000000000000000e+01 1.698369048420649818e+01 -2.524389546304788290e-01 5.609410766616721444e-01 1.673125152957602069e+01
6.000000000000000000e+01 1.699274627050196784e+01 -2.521315670187448399e-01 5.335708700588630560e-01 1.674061470348322445e+01
6.100000000000000000e+01 1.700171363977841565e+01 -2.515760648487795348e-01 5.048700354782510447e-01 1.675013757492963506e+01
6.200000000000000000e+01 1.701059363100269906e+01 -2.507218603853041961e-01 4.748429206151498772e-01 1.675987177061739430e+01
6.300000000000000000e+01 1.701938727479308255e+01 -2.495141348725369301e-01 4.435063808174058986e-01 1.676987313992054496e+01
6.400000000000000000e+01 1.702809559345033463e+01 -2.478935087370680856e-01 4.108929351294441368e-01 1.678020208471326669e+01
6.500000000000000000e+01 1.703671960098883176e+01 -2.457956870353364964e-01 3.770548280326061485e-01 1.679092391395349537e+01
6.600000000000000000e+01 1.704526030316764817e+01 -2.431510785241609296e-01 3.420694285698398507e-01 1.680210922464348755e+01
6.700000000000000000e+01 1.705371869752167768e+01 -2.398843866171372630e-01 3.060467349012724880e-01 1.681383431090453939e+01
6.800000000000000000e+01 1.706209577339272698e+01 -2.359141703663326095e-01 2.691404682587728581e-01 1.682618160302639509e+01
6.900000000000000000e+01 1.707039251196060547e+01 -2.311523734785575213e-01 2.315659113698084748e-01 1.683924013848204737e+01
7.000000000000000000e+01 1.707860988627424703e+01 -2.255038192364843541e-01 1.936319895440306860e-01 1.685310606703776415e+01
7.100000000000000000e+01 1.708674886128278914e+01 -2.188656690477824296e-01 1.558079071427385387e-01 1.686788319223500565e+01
7.200000000000000000e+01 1.709481039386670176e+01 -2.111268421887349256e-01 1.188885616084894986e-01 1.688368355167796508e+01
7.300000000000000000e+01 1.710279543286885939e+01 -2.021673941424339815e-01 8.449944768027548014e-02 1.690062803872642405e+01
7.400000000000000000e+01 1.711070491912566638e+01 -1.918578507547315237e-01 5.691070863372289790e-02 1.691884706837093333e+01
7.500000000000000000e+01 1.711853978549814315e+01 -1.800627350840168506e-01 4.692023050623997382e-02 1.693847705041412510e+01
7.600000000000000000e+01 1.712630095690304444e+01 -1.669293179241957692e-01 5.639919087851100188e-02 1.695937163897884759e+01
7.700000000000000000e+01 1.713398935034393844e+01 -1.530743507803888070e-01 6.909842653951793479e-02 1.698091499956354866e+01
7.800000000000000000e+01 1.714160587494232857e+01 -1.391527280641169373e-01 7.736735544228802441e-02 1.700245314687821008e+01
7.900000000000000000e+01 1.714915143196873970e+01 -1.258174792267308106e-01 7.956420147328135961e-02 1.702333395274200711e+01
8.000000000000000000e+01 1.715662691487383285e+01 -1.137239263794528471e-01 7.621708766046883521e-02 1.704290298849437946e+01
8.100000000000000000e+01 1.716403320931949850e+01 -1.035338504756164596e-01 6.939879789487286843e-02 1.706049935884388091e+01
8.200000000000000000e+01 1.717137119320996064e+01 -9.591968551109733565e-02 6.315538325295998179e-02 1.707545150769886177e+01
8.300000000000000000e+01 1.717864173672287720e+01 -9.144890424541191054e-02 6.264384804418093866e-02 1.708719283247746645e+01
8.400000000000000000e+01 1.718584570234045117e+01 -8.941712093655783400e-02 6.637223000270979500e-02 1.709642858140389166e+01
8.500000000000000000e+01 1.719298394488050974e+01 -8.834842533826138544e-02 6.941161936476666905e-02 1.710463551954224926e+01
8.600000000000000000e+01 1.720005731152762962e+01 -8.676085088367134490e-02 6.930017061726628791e-02 1.711329646064395860e+01
8.700000000000000000e+01 1.720706664186422330e+01 -8.316839331558201209e-02 6.619329588096466155e-02 1.712389824854864173e+01
8.800000000000000000e+01 1.721401276790165724e+01 -7.607186580459651681e-02 6.283803459806464042e-02 1.713794090209706056e+01
8.900000000000000000e+01 1.722089651411132749e+01 -6.400512905759175863e-02 6.402782677373271281e-02 1.715689138505373634e+01
9.000000000000000000e+01 1.722771869745578499e+01 -4.677779077341661512e-02 6.988270674432320306e-02 1.718094090668236973e+01
9.100000000000000000e+01 1.723448012741983248e+01 -2.549187656259446766e-02 7.570319227903771209e-02 1.720898825085723871e+01
9.200000000000000000e+01 1.724118160604161076e+01 -1.282931190003927698e-03 7.850929742981414827e-02 1.723989867485160588e+01
9.300000000000000000e+01 1.724782392794372399e+01 2.473176075322099099e-02 7.736377664308566326e-02 1.727255568869694358e+01
9.400000000000000000e+01 1.725440788036431528e+01 5.144605776703787409e-02 7.309003061136844226e-02 1.730585393813135298e+01
9.500000000000000000e+01 1.726093424318819913e+01 7.775789589436711557e-02 6.844659183454855633e-02 1.733869213908256768e+01
9.600000000000000000e+01 1.726740378897792993e+01 1.025791472826270284e-01 6.790015068117190300e-02 1.736998293626055556e+01
9.700000000000000000e+01 1.727381728300492725e+01 1.254140046473530279e-01 7.209390488326504476e-02 1.739923128765228100e+01
9.800000000000000000e+01 1.728017548328057273e+01 1.465052723958338021e-01 7.660043712127831417e-02 1.742668075567640784e+01
9.900000000000000000e+01 1.728647914058729995e+01 1.661310816677064039e-01 7.835565157542799530e-02 1.745261022225500724e+01
1.000000000000000000e+02 1.729272899850971612e+01 1.845591386036227743e-01 7.637481556547176531e-02 1.747728813711333729e+01
1.010000000000000000e+02 1.729892579346568127e+01 2.020481880981643830e-01 7.164659745719786921e-02 1.750097398156384543e+01
1.020000000000000000e+02 1.730507025473742289e+01 2.188494336919571404e-01 6.748922644410336458e-02 1.752391968842938041e+01
1.030000000000000000e+02 1.731116310450264706e+01 2.351913030147646522e-01 6.916866708004867914e-02 1.754635440751741271e+01
1.040000000000000000e+02 1.731720505786561404e+01 2.508627285566913945e-01 7.705259398345749855e-02 1.756806778642230427e+01
1.050000000000000000e+02 1.732319682288826357e+01 2.651805258888266792e-01 8.611679989913807731e-02 1.758837734877709025e+01
1.060000000000000000e+02 1.732913910062130114e+01 2.774279281001399977e-01 9.281598442037057584e-02 1.760656702872143953e+01
1.070000000000000000e+02 1.733503258513530909e+01 2.868728870358977501e-01 9.541749609437694124e-02 1.762190547217120695e+01
1.080000000000000000e+02 1.734087796355184707e+01 2.927634444977523231e-01 9.342881557896680345e-02 1.763364140804959845e+01
1.090000000000000000e+02 1.734667591607455250e+01 2.943230073361659538e-01 8.739266050595273505e-02 1.764099892341072007e+01
1.100000000000000000e+02 1.735242711602023036e+01 2.907455044532448185e-01 7.910562053217365386e-02 1.764317262047347512e+01
1.110000000000000000e+02 1.735813222984997495e+01 2.811904032397580244e-01 7.215794116058410479e-02 1.763932263308973347e+01
1.120000000000000000e+02 1.736379191720026682e+01 2.648573534765671922e-01 7.146917667168944943e-02 1.762864927067683496e+01
1.130000000000000000e+02 1.736940683091405546e+01 2.424226680960696323e-01 7.661900925899076120e-02 1.761182949901012407e+01
1.140000000000000000e+02 1.737497761707188459e+01 2.158868521363417614e-01 8.252758407958904474e-02 1.759086446920822766e+01
1.150000000000000000e+02 1.738050491502298556e+01 1.872711628809447526e-01 8.579695588282459928e-02 1.756777607790392892e+01
1.160000000000000000e+02 1.738598935741637419e+01 1.585819861955735932e-01 8.501239844179704630e-02 1.754457134361194903e+01
1.170000000000000000e+02 1.739143157023195840e+01 1.318234760305079523e-01 8.027661058672735939e-02 1.752325504626246655e+01
1.180000000000000000e+02 1.739683217281163152e+01 1.090101808634743319e-01 7.317501304426400621e-02 1.750584235367510644e+01
1.190000000000000000e+02 1.740219177789038341e+01 9.217971587601007932e-02 6.709145797936989786e-02 1.749437149376639411e+01
1.200000000000000000e+02 1.740751099162740090e+01 8.312307908429303338e-02 6.609247678543635207e-02 1.749063407071169252e+01
1.210000000000000000e+02 1.741279041363716829e+01 8.122188293730485398e-02 6.831049009136504202e-02 1.749401229657447487e+01
1.220000000000000000e+02 1.741803063702055709e+01 8.463773120786863280e-02 6.960396300390828128e-02 1.750266836822842720e+01
1.230000000000000000e+02 1.742323224839594786e+01 9.155383340817388471e-02 6.826239476067259837e-02 1.751478608180412166e+01
1.240000000000000000e+02 1.742839582793031639e+01 1.001741711717520911e-01 6.536422718181499059e-02 1.752856999910206781e+01
1.250000000000000000e+02 1.743352194937035193e+01 1.087123616179358071e-01 6.482679859402319666e-02 1.754223431098828812e+01
1.260000000000000000e+02 1.743861118007352928e+01 1.156673841123276869e-01 7.057136993070914355e-02 1.755427856418585719e+01
1.270000000000000000e+02 1.744366408103924471e+01 1.208660387955567406e-01 7.940334881886777774e-02 1.756453011983480295e+01
1.280000000000000000e+02 1.744868120693989511e+01 1.245131671193018680e-01 8.706571361167873835e-02 1.757319437405919871e+01
1.290000000000000000e+02 1.745366310615198557e+01 1.268029436744836647e-01 9.121237367303147714e-02 1.758046604982646954e+01
1.300000000000000000e+02 1.745861032078723341e+01 1.279199933472782436e-01 9.095936417118744011e-02 1.758653031413451018e+01
1.310000000000000000e+02 1.746352338672366855e+01 1.280405076246540208e-01 8.653540450856447852e-02 1.759156389434832235e+01
1.320000000000000000e+02 1.746840283363673763e+01 1.273333200551999000e-01 7.932264494504218111e-02 1.759573615369193789e+01
1.330000000000000000e+02 1.747324918503039015e+01 1.259609458207644750e-01 7.218228488856627545e-02 1.759921013085115504e+01
1.340000000000000000e+02 1.747806295826821099e+01 1.240534579636418527e-01 6.917262053719853976e-02 1.760211641623185130e+01
1.350000000000000000e+02 1.748284466460448883e+01 1.211464390711342043e-01 7.022948659649337622e-02 1.760399110367562159e+01
1.360000000000000000e+02 1.748759480921533438e+01 1.161966053555042039e-01 7.141232136151130783e-02 1.760379141457083918e+01
1.370000000000000000e+02 1.749231389122979152e+01 1.081234903798937996e-01 7.061812174735690451e-02 1.760043738160968374e+01
1.380000000000000000e+02 1.749700240376090932e+01 9.582627153784667451e-02 6.837309899032824323e-02 1.759282867529875460e+01
1.390000000000000000e+02 1.750166083393687799e+01 7.817706109883905408e-02 6.777028440105749285e-02 1.757983789503571614e+01
1.400000000000000000e+02 1.750628966293210809e+01 5.439631201426756851e-02 7.221487890574801449e-02 1.756068597494637729e+01
1.410000000000000000e+02 1.751088936599833090e+01 2.576836993473346007e-02 7.906263545041596064e-02 1.753665773593306554e+01
1.420000000000000000e+02 1.751546041249572383e+01 -5.734221978396995649e-03 8.441112409210066447e-02 1.750972619051732693e+01
1.430000000000000000e+02 1.752000326592397883e+01 -3.815626070759776250e-02 8.605333062156877988e-02 1.748184700521638035e+01
1.440000000000000000e+02 1.752451838395343131e+01 -6.954815637875634560e-02 8.320875190936750931e-02 1.745497022757467320e+01
1.450000000000000000e+02 1.752900621845614992e+01 -9.795360670066820263e-02 7.628243185921253222e-02 1.743105261175548293e+01
1.460000000000000000e+02 1.753346721553703347e+01 -1.213972398137159459e-01 6.702015764508421902e-02 1.741206997572331616e+01
1.470000000000000000e+02 1.753790181556492556e+01 -1.378904887904504606e-01 5.895222858917090192e-02 1.740001132677447515e+01
1.480000000000000000e+02 1.754231045320370441e+01 -1.468808989908334528e-01 5.525529864982696437e-02 1.739542955421287118e+01
1.490000000000000000e+02 1.754669355744339398e+01 -1.502983975731313482e-01 5.633834004252786382e-02 1.739639515987026286e+01
1.500000000000000000e+02 1.755105155163125374e+01 -1.498011973859975920e-01 5.990047957116595434e-02 1.740125035424525635e+01
1.510000000000000000e+02 1.755538485350289690e+01 -1.464397843696164658e-01 6.190976270077593047e-02 1.740894506913328144e+01
1.520000000000000000e+02 1.755969387521337310e+01 -1.412113575020116640e-01 6.119594191532005262e-02 1.741848251771136091e+01
1.530000000000000000e+02 1.756397902336828309e+01 -1.351002161342060026e-01 5.944256013509417041e-02 1.742887880723407790e+01
1.540000000000000000e+02 1.756824069905487917e+01 -1.289916496261874213e-01 5.980179859354489702e-02 1.743924904942869247e+01
1.550000000000000000e+02 1.757247929787316210e+01 -1.229514165502542944e-01 6.110373872826400932e-02 1.744952788132290777e+01
1.560000000000000000e+02 1.757669520996698154e+01 -1.166166784378593752e-01 6.086626499103878901e-02 1.746007853152912048e+01
1.570000000000000000e+02 1.758088882005514719e+01 -1.096178799299838968e-01 5.925831652978680308e-02 1.747127094012516224e+01
1.580000000000000000e+02 1.758506050746251859e+01 -1.015809012046672011e-01 5.927303470893079129e-02 1.748347960625785191e+01
1.590000000000000000e+02 1.758921064615111618e+01 -9.240939307894367738e-02 6.297837553112803355e-02 1.749680125307217082e+01
1.600000000000000000e+02 1.759333960475121472e+01 -8.273272767294036212e-02 6.680130721003638139e-02 1.751060687707827412e+01
1.610000000000000000e+02 1.759744774659245792e+01 -7.329256738572120788e-02 6.794181421087150397e-02 1.752415517920673693e+01
1.620000000000000000e+02 1.760153542973493757e+01 -6.483124657566809168e-02 6.595999177693005755e-02 1.753670418315926938e+01
1.630000000000000000e+02 1.760560300700032599e+01 -5.809643709957162255e-02 6.272775078902670387e-02 1.754750656990075441e+01
1.640000000000000000e+02 1.760965082600294451e+01 -5.380377527204339982e-02 6.199714130838837600e-02 1.755584705073090035e+01
1.650000000000000000e+02 1.761367922918088880e+01 -5.160998193342817425e-02 6.411326052637578155e-02 1.756206924724746088e+01
1.660000000000000000e+02 1.761768855382712218e+01 -5.004864103984802554e-02 6.584108125041347737e-02 1.756763991278727488e+01
1.670000000000000000e+02 1.762167913212057613e+01 -4.760224873581888477e-02 6.633146752961607828e-02 1.757407688338475893e+01
1.680000000000000000e+02 1.762565129115726137e+01 -4.274737014821197029e-02 6.812048045836555099e-02 1.758290392100904853e+01
1.690000000000000000e+02 1.762960535298134701e+01 -3.399679406734904680e-02 7.615231294971688825e-02 1.759560855891399811e+01
1.700000000000000000e+02 1.763354163461628943e+01 -2.102347950748111385e-02 9.085828074807604515e-02 1.761251815510880903e+01
1.710000000000000000e+02 1.763746044809591496e+01 -4.658090291378000000e-03 1.080166254177135771e-01 1.763280235780453609e+01
1.720000000000000000e+02 1.764136210049553455e+01 1.423840306587144042e-02 1.245361190596346035e-01 1.765560050356140565e+01
1.730000000000000000e+02 1.764524689396302648e+01 3.482067641907958533e-02 1.385922911566293547e-01 1.768006757038210708e+01
1.740000000000000000e+02 1.764911512574996166e+01 5.625366178104668213e-02 1.491206316253452235e-01 1.770536878753100751e+01
1.750000000000000000e+02 1.765296708824268634e+01 7.770720431764938096e-02 1.555110037518419863e-01 1.773067429256033734e+01
1.760000000000000000e+02 1.765680306899343677e+01 9.835074154730091833e-02 1.574620617613410045e-01 1.775515381054073671e+01
1.770000000000000000e+02 1.766062335075143608e+01 1.173479798322770856e-01 1.549221828765615094e-01 1.777797133058371415e+01
1.780000000000000000e+02 1.766442821149398412e+01 1.338515432367608782e-01 1.480840355101881722e-01 1.779827975473074630e+01
1.790000000000000000e+02 1.766821792445757922e+01 1.469975697104062284e-01 1.374286517354352810e-01 1.781521549416798678e+01
1.800000000000000000e+02 1.767199275816901149e+01 1.559002293367599268e-01 1.238389020373147770e-01 1.782789298750576990e+01
1.810000000000000000e+02 1.767575297647645272e+01 1.596461390623969412e-01 1.088282124487579966e-01 1.783539911553884849e+01
1.820000000000000000e+02 1.767949883858058513e+01 1.572886478927056630e-01 9.491603780945791213e-02 1.783678748647329115e+01
1.830000000000000000e+02 1.768323059906567352e+01 1.478419751736515519e-01 8.585161242764347000e-02 1.783107257423932523e+01
1.840000000000000000e+02 1.768694850793068341e+01 1.309614295794557237e-01 8.420362519186569417e-02 1.781790993751014085e+01
1.850000000000000000e+02 1.769065281062037442e+01 1.088080319562481912e-01 8.643675405329594164e-02 1.779946084257662164e+01
1.860000000000000000e+02 1.769434374805641852e+01 8.410219862321353934e-02 8.833519006088093317e-02 1.777844594667963207e+01
1.870000000000000000e+02 1.769802155666847909e+01 5.954757869674955767e-02 8.765201131665256717e-02 1.775756913536523030e+01
1.880000000000000000e+02 1.770168646842532922e+01 3.784795449224194475e-02 8.407905446815068518e-02 1.773953442291757199e+01
1.890000000000000000e+02 1.770533871086593791e+01 2.172414131045922667e-02 7.910558749624334307e-02 1.772706285217639888e+01
1.900000000000000000e+02 1.770897850713059540e+01 1.393096509772815544e-02 7.600140235521475607e-02 1.772290947222832358e+01
1.910000000000000000e+02 1.771260607599198522e+01 1.649065333429892283e-02 7.789967835036491761e-02 1.772909672932628311e+01
1.920000000000000000e+02 1.771622163188630950e+01 2.740798757265939384e-02 8.234313967926100430e-02 1.774362961945896799e+01
1.930000000000000000e+02 1.771982538494438231e+01 4.341574526325490263e-02 8.574693268935984491e-02 1.776324113020763562e+01
1.940000000000000000e+02 1.772341754102273015e+01 6.127713303908631504e-02 8.619702505516838031e-02 1.778469467406181792e+01
1.950000000000000000e+02 1.772699830173468882e+01 7.776637118377205393e-02 8.344171535412522878e-02 1.780476467291845921e+01
1.960000000000000000e+02 1.773056786448151811e+01 8.964863975193754220e-02 7.884438708535730644e-02 1.782021650423345704e+01
1.970000000000000000e+02 1.773412642248348803e+01 9.365998199850163186e-02 7.548038976787403709e-02 1.782778640448199070e+01
1.980000000000000000e+02 1.773767416481099701e+01 8.701653530708076956e-02 7.678813782345976502e-02 1.782469070011807943e+01
1.990000000000000000e+02 1.774121127641565820e+01 7.081250636510140473e-02 8.098144595843201343e-02 1.781202378278075926e+01
2.000000000000000000e+02 1.774473793816140699e+01 4.786183850450970168e-02 8.445451753734074807e-02 1.779259977666591652e+01
2.010000000000000000e+02 1.774825432685561211e+01 2.094486147349908581e-02 8.522188388168819295e-02 1.776919918832911094e+01
2.020000000000000000e+02 1.775176061528015481e+01 -7.182998579148356343e-03 8.300627445757501055e-02 1.774457761670100808e+01
2.030000000000000000e+02 1.775525697222255772e+01 -3.377397853652153170e-02 7.915318079461201861e-02 1.772148299368603475e+01
2.040000000000000000e+02 1.775874356250706043e+01 -5.607077347969258163e-02 7.658282477464647964e-02 1.770267278902736763e+01
2.050000000000000000e+02 1.776222054702574127e+01 -7.187181962894317877e-02 7.789057424636219862e-02 1.769034872739679898e+01
2.060000000000000000e+02 1.776568808276960709e+01 -8.150105050337369539e-02 8.071291668395963459e-02 1.768418703226623379e+01
2.070000000000000000e+02 1.776914632285970086e+01 -8.594959628199921875e-02 8.208494347359290844e-02 1.768319672657770170e+01
2.080000000000000000e+02 1.777259541657820208e+01 -8.617589948078287210e-02 8.071461686964209736e-02 1.768641951709741988e+01
2.090000000000000000e+02 1.777603550939952726e+01 -8.311155959923673120e-02 7.712810477816862964e-02 1.769292394980029215e+01
2.100000000000000000e+02 1.777946674302142682e+01 -7.766707349571204400e-02 7.377056201142587200e-02 1.770179966952571604e+01
2.110000000000000000e+02 1.778288925539609622e+01 -7.073341507715388832e-02 7.444930258175301574e-02 1.771215584031894252e+01
2.120000000000000000e+02 1.778630318076127281e+01 -6.309806073567639229e-02 7.910569262655607614e-02 1.772320512002559667e+01
2.130000000000000000e+02 1.778970864967133991e+01 -5.544984549739777335e-02 8.381034614340626687e-02 1.773425880417394040e+01
2.140000000000000000e+02 1.779310578902841655e+01 -4.847285110555060034e-02 8.588673871990604169e-02 1.774463293792286578e+01
2.150000000000000000e+02 1.779649472211347927e+01 -4.285477008412970357e-02 8.433579907424926247e-02 1.775363995202934930e+01
2.160000000000000000e+02 1.779987556861744835e+01 -3.929121105805279124e-02 7.967825088696081637e-02 1.776058435755939513e+01
2.170000000000000000e+02 1.780324844467229539e+01 -3.849003996081290513e-02 7.408445723051984566e-02 1.776475840471148260e+01
2.180000000000000000e+02 1.780661346288214020e+01 -4.117359556416391730e-02 7.143257066769088948e-02 1.776543986731797631e+01
2.190000000000000000e+02 1.780997073235436190e+01 -4.740924140201527304e-02 7.383711042340639075e-02 1.776256149095234704e+01
2.200000000000000000e+02 1.781332035873069231e+01 -5.565571191910386600e-02 7.762521235512527540e-02 1.775766464681158752e+01
2.210000000000000000e+02 1.781666244421831280e+01 -6.414308208842724179e-02 7.948436190022833969e-02 1.775251936212988468e+01
2.220000000000000000e+02 1.781999708762097612e+01 -7.110238314103495272e-02 7.809940375958004943e-02 1.774889470447994100e+01
2.230000000000000000e+02 1.782332438437008193e+01 -7.475461774263300607e-02 7.406444013274250671e-02 1.774856976662744756e+01
2.240000000000000000e+02 1.782664442655579862e+01 -7.329972786800668938e-02 6.995858664406140459e-02 1.775334469868779053e+01
2.250000000000000000e+02 1.782995730295815662e+01 -6.500421232646652614e-02 6.985325572934808491e-02 1.776495309063168904e+01
2.260000000000000000e+02 1.783326309907814533e+01 -5.034667342583972610e-02 7.375319761295269505e-02 1.778291642565230646e+01
2.270000000000000000e+02 1.783656189716883134e+01 -3.201128912200882498e-02 7.761663447597212662e-02 1.780455060804682077e+01
2.280000000000000000e+02 1.783985377626643754e+01 -1.275592616177834496e-02 7.891627685244942403e-02 1.782709785010466064e+01
2.290000000000000000e+02 1.784313881222146136e+01 4.667523682199810342e-03 7.714181686193932741e-02 1.784780633590366250e+01
2.300000000000000000e+02 1.784641707772977526e+01 1.749599760952285157e-02 7.370700991796463875e-02 1.786391307533929762e+01
2.310000000000000000e+02 1.784968864236371289e+01 2.293806433189413130e-02 7.191628786623363578e-02 1.787262670669560549e+01
2.320000000000000000e+02 1.785295357260319449e+01 1.906295343175940654e-02 7.468164664836043909e-02 1.787201652603495461e+01
2.330000000000000000e+02 1.785621193186680600e+01 7.718798811559667364e-03 7.923514115015337089e-02 1.786393073067836568e+01
2.340000000000000000e+02 1.785946378054292083e+01 -8.278154080527986430e-03 8.215357117003081744e-02 1.785118562646239226e+01
2.350000000000000000e+02 1.786270917602077901e+01 -2.614040736618425398e-02 8.173691438721801539e-02 1.783656876865459395e+01
2.360000000000000000e+02 1.786594817272161251e+01 -4.309188253453556661e-02 7.794540391417215108e-02 1.782285629018707596e+01
2.370000000000000000e+02 1.786918082212972791e+01 -5.635063858283865385e-02 7.241889400861883930e-02 1.781283018354688963e+01
2.380000000000000000e+02 1.787240717282362112e+01 -6.311160612371238821e-02 6.862249276165213741e-02 1.780929556669990887e+01
2.390000000000000000e+02 1.787562727050706712e+01 -6.147797382299412944e-02 6.945897334913757326e-02 1.781414929668407154e+01
2.400000000000000000e+02 1.787884115804023821e+01 -5.289768122086452307e-02 7.225104807086547842e-02 1.782594347681937208e+01
2.410000000000000000e+02 1.788204887547077959e+01 -3.953475103923489303e-02 7.427528784399407835e-02 1.784251412443154550e+01
2.420000000000000000e+02 1.788525046006494534e+01 -2.352322258808692279e-02 7.506784137038945148e-02 1.786172723747685964e+01
2.430000000000000000e+02 1.788844594633866336e+01 -6.980274823836770358e-03 7.616502513457740209e-02 1.788146567151482813e+01
2.440000000000000000e+02 1.789163536608866423e+01 8.150392520138582605e-03 7.888155110269588766e-02 1.789978575860880383e+01
2.450000000000000000e+02 1.789481874842357811e+01 2.040978391580603943e-02 8.126306495416728282e-02 1.791522853233938406e+01
2.460000000000000000e+02 1.789799611979502103e+01 2.841007018030377793e-02 8.170902735617577295e-02 1.792640618997532442e+01
2.470000000000000000e+02 1.790116750402871304e+01 3.073697446395264044e-02 8.012138329998001740e-02 1.793190447849266533e+01
2.480000000000000000e+02 1.790433292235557516e+01 2.594097843026512556e-02 7.791350184101693277e-02 1.793027390078584205e+01
2.490000000000000000e+02 1.790749239344282628e+01 1.281325130702613314e-02 7.718682236188212364e-02 1.792030564474985255e+01
2.500000000000000000e+02 1.791064593342509070e+01 -7.525780457586174824e-03 7.709820135643830064e-02 1.790312015296750303e+01
2.510000000000000000e+02 1.791379355593549860e+01 -3.281557762707527220e-02 7.592194155784595666e-02 1.788097797830842239e+01
2.520000000000000000e+02 1.791693527213678294e+01 -6.081741987686277440e-02 7.352813386491117986e-02 1.785611785225992065e+01
2.530000000000000000e+02 1.792007109075238347e+01 -8.930899263658516329e-02 7.156541391749907111e-02 1.783076209811579815e+01
2.540000000000000000e+02 1.792320101809755428e+01 -1.161997045979426685e-01 7.176390691364419039e-02 1.780700131349961168e+01
2.550000000000000000e+02 1.792632505811045718e+01 -1.398999045212737102e-01 7.218033955244597399e-02 1.778642515358918175e+01
2.560000000000000000e+02 1.792944321238327277e+01 -1.589256530142373891e-01 7.110488088509593629e-02 1.777051755936903632e+01
2.570000000000000000e+02 1.793255548019328316e+01 -1.717628676968492307e-01 6.889910747014720005e-02 1.776079261249643437e+01
2.580000000000000000e+02 1.793566185853400086e+01 -1.768615282141892397e-01 6.800191460407323252e-02 1.775880033031981142e+01
2.590000000000000000e+02 1.793876234214624432e+01 -1.737839205573219470e-01 7.005834983824781037e-02 1.776497842158892126e+01
2.600000000000000000e+02 1.794185692354925621e+01 -1.648453206226681012e-01 7.259065595549818450e-02 1.777701160292658855e+01
2.610000000000000000e+02 1.794494559307180026e+01 -1.527379409975026803e-01 7.393528618565282928e-02 1.779220765207429622e+01
2.620000000000000000e+02 1.794802833888326532e+01 -1.401328955158871459e-01 7.449072730343764270e-02 1.780789544336737862e+01
2.630000000000000000e+02 1.795110514702475157e+01 -1.296007729121634311e-01 7.611793085277965276e-02 1.782150437411258892e+01
2.640000000000000000e+02 1.795417600144020298e+01 -1.219945709166936620e-01 7.847977154160383495e-02 1.783218143052350868e+01
2.650000000000000000e+02 1.795724088400747576e+01 -1.166860308565651622e-01 7.959315132892388900e-02 1.784055485315090905e+01
2.660000000000000000e+02 1.796029977456946014e+01 -1.130103564592657983e-01 7.935308534880250453e-02 1.784728941811019354e+01
2.670000000000000000e+02 1.796335265096517730e+01 -1.103117082669028276e-01 8.043656099802466708e-02 1.785304094269827502e+01
2.680000000000000000e+02 1.796639948906087980e+01 -1.079394894183924314e-01 8.822269173060585945e-02 1.785845999964248776e+01
2.690000000000000000e+02 1.796944026278115558e+01 -1.054113211898900504e-01 1.062609618172455500e-01 1.786402894159126475e+01
2.700000000000000000e+02 1.797247494414002489e+01 -1.026894915856456647e-01 1.315137948726554373e-01 1.786978545255437822e+01
2.710000000000000000e+02 1.797550350327204427e+01 -9.980780751612808310e-02 1.605501931273524696e-01 1.787569569575591544e+01
2.720000000000000000e+02 1.797852590846341414e+01 -9.679811505526200732e-02 1.912003748405261550e-01 1.788172779340815310e+01
2.730000000000000000e+02 1.798154212618306502e+01 -9.369052311829838275e-02 2.221558309897161965e-01 1.788785160306476740e+01
2.740000000000000000e+02 1.798455212111377577e+01 -9.051361764758397710e-02 2.525892819346053919e-01 1.789403850346619151e+01
2.750000000000000000e+02 1.798755585618327046e+01 -8.729466734042580500e-02 2.819449768784612620e-01 1.790026118884284401e+01
2.760000000000000000e+02 1.799055329259530822e+01 -8.405982191568359130e-02 3.098301063488017593e-01 1.790649347067962438e+01
2.770000000000000000e+02 1.799354438986081206e+01 -8.083430388221220231e-02 3.359564244020571966e-01 1.791271008597859904e+01
2.780000000000000000e+02 1.799652910582893028e+01 -7.764259474278786821e-02 3.601068303805879944e-01 1.791888651108614283e+01
2.790000000000000000e+02 1.799950739671818312e+01 -7.450861654181194227e-02 3.821149607710799811e-01 1.792499878017637016e+01
2.800000000000000000e+02 1.800247921714752053e+01 -7.145590964320175376e-02 4.018519804655486527e-01 1.793102330750431861e+01
2.810000000000000000e+02 1.800544452016746177e+01 -6.850780760721311702e-02 4.192176096793446272e-01 1.793693671256025013e+01
2.820000000000000000e+02 1.800840325729117097e+01 -6.568761002042311503e-02 4.341337943741416239e-01 1.794271564727074875e+01
2.830000000000000000e+02 1.801135537852557889e+01 -6.301875412265346699e-02 4.465401211268242854e-01 1.794833662440292699e+01
2.840000000000000000e+02 1.801430083240245850e+01 -6.052498606744080578e-02 4.563904454420118495e-01 1.795377584633501655e+01
2.850000000000000000e+02 1.801723956600955745e+01 -5.823053264902585541e-02 4.636504078514405713e-01 1.795900903336053034e+01
2.860000000000000000e+02 1.802017152502167363e+01 -5.616027432893130195e-02 4.682956325344169723e-01 1.796401125069274229e+01
2.870000000000000000e+02 1.802309665373176983e+01 -5.433992039851257699e-02 4.703104775663488613e-01 1.796875673333325807e+01
2.880000000000000000e+02 1.802601489508207422e+01 -5.279618712084536980e-02 4.696872546845061169e-01 1.797321870796123022e+01
2.890000000000000000e+02 1.802892619069518076e+01 -5.155697970585526591e-02 4.664258709587414953e-01 1.797736921098932683e+01
2.900000000000000000e+02 1.803183048090515328e+01 -5.065157898668068426e-02 4.605338717085287192e-01 1.798117890191847223e+01
2.910000000000000000e+02 1.803472770478861520e+01 -5.011083368273683281e-02 4.520268879515086380e-01 1.798461687110587803e+01
2.920000000000000000e+02 1.803761780019586780e+01 -4.996735915667249034e-02 4.409295163274508100e-01 1.798765044103919664e+01
2.930000000000000000e+02 1.804050070378198711e+01 -5.025574359721110551e-02 4.272766887945896319e-01 1.799024496018477492e+01
2.940000000000000000e+02 1.804337635103791371e+01 -5.101276258903632288e-02 4.111156288676052761e-01 1.799236358844887818e+01
2.950000000000000000e+02 1.804624467632157092e+01 -5.227760306383090472e-02 3.925085494801258679e-01 1.799396707325773903e+01
2.960000000000000000e+02 1.804910561288895465e+01 -5.409209766357584576e-02 3.715363401975120827e-01 1.799501351522537718e+01
2.970000000000000000e+02 1.805195909292524092e+01 -5.650097058851520637e-02 3.483036478493647392e-01 1.799545812233672493e+01
2.980000000000000000e+02 1.805480504757588989e+01 -5.955209604785590555e-02 3.229460334674903454e-01 1.799525295152803395e+01
2.990000000000000000e+02 1.805764340697773207e+01 -6.329677048150365859e-02 2.956404134381166449e-01 1.799434663649622834e+01
3.000000000000000000e+02 1.806047410029009015e+01 -6.778999977607537419e-02 2.666210382545117219e-01 1.799268410051401546e+01
3.010000000000000000e+02 1.806329705572587585e+01 -7.309080275835916352e-02 2.362054680978037113e-01 1.799020625296751774e+01
3.020000000000000000e+02 1.806611220058267619e+01 -7.926253231444747860e-02 2.048399341391197725e-01 1.798684966826822773e+01
3.030000000000000000e+02 1.806891946127387172e+01 -8.637321555346387514e-02 1.731850371562901059e-01 1.798254624572040683e+01
3.040000000000000000e+02 1.807171876335973337e+01 -9.449591451072496262e-02 1.422901056189265767e-01 1.797722284884901001e+01
3.050000000000000000e+02 1.807451003157852298e+01 -1.037091089677455447e-01 1.139599801274793489e-01 1.797080092261077766e+01
3.060000000000000000e+02 1.807729318987759370e+01 -1.140971030546664294e-01 9.142341568267746410e-02 1.796319608682292568e+01
3.070000000000000000e+02 1.808006816144449402e+01 -1.257460268608258103e-01 7.956439694588229861e-02 1.795432213458366988e+01
3.080000000000000000e+02 1.808283486873806822e+01 -1.382858270683057222e-01 7.934698293453668061e-02 1.794454904166976306e+01
3.090000000000000000e+02 1.808559323351956039e+01 -1.504886899136975709e-01 8.383381239967051257e-02 1.793510454360586337e+01
3.100000000000000000e+02 1.808834317688371129e+01 -1.610293852501383238e-01 8.730003391840433780e-02 1.792731379163357275e+01
3.110000000000000000e+02 1.809108461928986600e+01 -1.685710075472646452e-01 8.733807361176922079e-02 1.792251361174260182e+01
3.120000000000000000e+02 1.809381748059306716e+01 -1.717566348682119381e-01 8.393151699431902757e-02 1.792206084572485381e+01
3.130000000000000000e+02 1.809654168007516262e+01 -1.692008929511634729e-01 7.896807291915913796e-02 1.792734078712399892e+01
3.140000000000000000e+02 1.809925713647590584e+01 -1.594813852848571689e-01 7.613317015630552409e-02 1.793977575119104984e+01
3.150000000000000000e+02 1.810196376802406704e+01 -1.416348114898089428e-01 7.853488128769467447e-02 1.796032895653425854e+01
3.160000000000000000e+02 1.810466149246851231e+01 -1.166988790205967241e-01 8.343512361768709584e-02 1.798796261344791603e+01
3.170000000000000000e+02 1.810735022710932185e+01 -8.618751214440530106e-02 8.735921363511860160e-02 1.802116271496491606e+01
3.180000000000000000e+02 1.811002988882889753e+01 -5.157915880968626243e-02 8.853197731406518833e-02 1.805845073001921008e+01
3.190000000000000000e+02 1.811270039412303490e+01 -1.432619378675585933e-02 8.682187447005883241e-02 1.809837420033628064e+01
3.200000000000000000e+02 1.811536165913206631e+01 2.413579991515063874e-02 8.362936180736160741e-02 1.813949745904721667e+01
3.210000000000000000e+02 1.811801359967192582e+01 6.237882801607118333e-02 8.179399649322825760e-02 1.818039242768799824e+01
3.220000000000000000e+02 1.812065613126527808e+01 9.922654364449468023e-02 8.371777834123204920e-02 1.821988267490977265e+01
3.230000000000000000e+02 1.812328916917259747e+01 1.345202018487006435e-01 8.724191625325043720e-02 1.825780937102129897e+01
3.240000000000000000e+02 1.812591262842328632e+01 1.683505941172933618e-01 8.971781588359534210e-02 1.829426322254057879e+01
3.250000000000000000e+02 1.812852642384676827e+01 2.007982143261185515e-01 8.996019746132442874e-02 1.832932463817288848e+01
3.260000000000000000e+02 1.813113047010359224e+01 2.319334335308406436e-01 8.834785500551793624e-02 1.836306390363443342e+01
3.270000000000000000e+02 1.813372468171652940e+01 2.618166255185070956e-01 8.676802270741609813e-02 1.839554130723503533e+01
3.280000000000000000e+02 1.813630897310168777e+01 2.904807260158123183e-01 8.806653386694389407e-02 1.842678969911749931e+01
3.290000000000000000e+02 1.813888325859960204e+01 3.175539221192998918e-01 9.227415681339448672e-02 1.845643718071890049e+01
3.300000000000000000e+02 1.814144745250633406e+01 3.422616631159774991e-01 9.662379091778733331e-02 1.848370911562231100e+01
3.310000000000000000e+02 1.814400146910458034e+01 3.637951980414329545e-01 9.920572250080471333e-02 1.850779666714601390e+01
3.320000000000000000e+02 1.814654522269478321e+01 3.813229584146137219e-01 9.940294638211452649e-02 1.852786818110939748e+01
3.330000000000000000e+02 1.814907862762619573e+01 3.939852277681962223e-01 9.785536623704300940e-02 1.854306385539439361e+01
3.340000000000000000e+02 1.815160159832803544e+01 4.008886757220354591e-01 9.638851464036689298e-02 1.855249027405007212e+01
3.350000000000000000e+02 1.815411404934054218e+01 4.011720763055878214e-01 9.746944284466717290e-02 1.855528612564613056e+01
3.360000000000000000e+02 1.815661589534610698e+01 3.951229969547732646e-01 1.008955451321543184e-01 1.855173889230087880e+01
3.370000000000000000e+02 1.815910705120035828e+01 3.839734845642153727e-01 1.043917431306367882e-01 1.854308053576457382e+01
3.380000000000000000e+02 1.816158743196326952e+01 3.689500820716027918e-01 1.066425470245872115e-01 1.853053751403487226e+01
3.390000000000000000e+02 1.816405695293025957e+01 3.512518057070158073e-01 1.078222219180455382e-01 1.851530875863727488e+01
3.400000000000000000e+02 1.816651552966329319e+01 3.320576786268832348e-01 1.098293397425029183e-01 1.849857320829017482e+01
3.410000000000000000e+02 1.816896307802199217e+01 3.125341667166459114e-01 1.162143448336066531e-01 1.848149724473863742e+01
3.420000000000000000e+02 1.817139951419472155e+01 2.937843930750038690e-01 1.308290111168000647e-01 1.846518390726972569e+01
3.430000000000000000e+02 1.817382475472969361e+01 2.762095846766756679e-01 1.535687467115830485e-01 1.845003433940636839e+01
3.440000000000000000e+02 1.817623871656609325e+01 2.597481488232709079e-01 1.817735577502477551e-01 1.843598686538936349e+01
3.450000000000000000e+02 1.817864131706513930e+01 2.443343273458987719e-01 2.132548260900094805e-01 1.842297564441103930e+01
3.460000000000000000e+02 1.818103247404122058e+01 2.299063523333502723e-01 2.465244581171813221e-01 1.841093882637457213e+01
3.470000000000000000e+02 1.818341210579297851e+01 2.164062118040887273e-01 2.806074486358717257e-01 1.839981831759706665e+01
3.480000000000000000e+02 1.818578013113442182e+01 2.037794291656364054e-01 3.148566357897056300e-01 1.838955956030005723e+01
3.490000000000000000e+02 1.818813646942600926e+01 1.919748556529451700e-01 3.488315960200303323e-01 1.838011132507895340e+01
3.500000000000000000e+02 1.819048104060577842e+01 1.809444749838304556e-01 3.822258732025115013e-01 1.837142551558961046e+01
3.510000000000000000e+02 1.819281376522042137e+01 1.706432195131662721e-01 4.148232074706060812e-01 1.836345698473358823e+01
3.520000000000000000e+02 1.819513456445639576e+01 1.610287972087306729e-01 4.464704036181759150e-01 1.835616336166512497e+01
3.530000000000000000e+02 1.819744336017103592e+01 1.520615288102628027e-01 4.770598390139948464e-01 1.834950488898129706e+01
3.540000000000000000e+02 1.819974007492364620e+01 1.437041945696584666e-01 5.065177210407910691e-01 1.834344426949330398e+01
3.550000000000000000e+02 1.820202463200658727e+01 1.359218900045725542e-01 5.347958995654341630e-01 1.833794652201115838e+01
3.560000000000000000e+02 1.820429695547640492e+01 1.286818901297506756e-01 5.618659613663956609e-01 1.833297884560615643e+01
3.570000000000000000e+02 1.820655697018492702e+01 1.219535216608311212e-01 5.877148435227753653e-01 1.832851049184575842e+01
3.580000000000000000e+02 1.820880460181034266e+01 1.157080427136681355e-01 6.123414928385173539e-01 1.832451264452400963e+01
3.590000000000000000e+02 1.821103977688832387e+01 1.099185295490165554e-01 6.357542683369694636e-01 1.832095830643734047e+01
3.600000000000000000e+02 1.821326242284312613e+01 1.045597699374967576e-01 6.579688865240006512e-01 1.831782219278062129e+01
3.610000000000000000e+02 1.821547246801868170e+01 9.960816274322774333e-02 6.790067730060128648e-01 1.831508063076190851e+01
3.620000000000000000e+02 1.821766984170970716e+01 9.504162334671957535e-02 6.988937249619023850e-01 1.831271146505642733e+01
3.630000000000000000e+02 1.821985447419280746e+01 9.083949454814738145e-02 7.176588158900085723e-01 1.831069396874095645e+01
3.640000000000000000e+02 1.822202629675756569e+01 8.698246261163697368e-02 7.353334922271796970e-01 1.830900875936920258e+01
3.650000000000000000e+02 1.822418524173765775e+01 8.345247812927500397e-02 7.519508240073878858e-01 1.830763771986693200e+01
3.660000000000000000e+02 1.822633124254194570e+01 8.023268140047155883e-02 7.675448806187565864e-01 1.830656392394241649e+01
3.670000000000000000e+02 1.822846423368558533e+01 7.730733203817308219e-02 7.821502091400477363e-01 1.830577156572375941e+01
3.680000000000000000e+02 1.823058415082112305e+01 7.466174252817404933e-02 7.958013974674876811e-01 1.830524589334929786e+01
3.690000000000000000e+02 1.823269093076960345e+01 7.228221548148471010e-02 8.085327079893168678e-01 1.830497314625108984e+01
3.700000000000000000e+02 1.823478451155165558e+01 7.015598433246579557e-02 8.203777702692042206e-01 1.830494049588412153e+01
3.710000000000000000e+02 1.823686483241862177e+01 6.827115724735542679e-02 8.313693232925430943e-01 1.830513598966597755e+01
3.720000000000000000e+02 1.823893183388362615e+01 6.661666401864239917e-02 8.415389994726596434e-01 1.830554849790226868e+01
3.730000000000000000e+02 1.824098545775270352e+01 6.518220573094654635e-02 8.509171439204985532e-01 1.830616766348364877e+01
3.740000000000000000e+02 1.824302564715589270e+01 6.395820699325620307e-02 8.595326635328311982e-01 1.830698385414914853e+01
3.750000000000000000e+02 1.824505234657832986e+01 6.293577054094275092e-02 8.674129013096085750e-01 1.830798811711927243e+01
3.760000000000000000e+02 1.824706550189135612e+01 6.210663401864343486e-02 8.745835320144745850e-01 1.830917213590999992e+01
3.770000000000000000e+02 1.824906506038362863e+01 6.146312876214123783e-02 8.810684758763637214e-01 1.831052818914577074e+01
3.780000000000000000e+02 1.825105097079219973e+01 6.099814040366672435e-02 8.868898275193342062e-01 1.831204911119586498e+01
3.790000000000000000e+02 1.825302318333363516e+01 6.070507113060398530e-02 8.920677977213892218e-01 1.831372825446423747e+01
3.800000000000000000e+02 1.825498164973512516e+01 6.057780343256557315e-02 8.966206659558150216e-01 1.831555945316769041e+01
3.810000000000000000e+02 1.825692632326555653e+01 6.061066517602650694e-02 9.005647419721700686e-01 1.831753698844158151e+01
3.820000000000000000e+02 1.825885715876664150e+01 6.079839584934912389e-02 9.039143349377680714e-01 1.831965555461599138e+01
3.830000000000000000e+02 1.826077411268400041e+01 6.113611382400411381e-02 9.066817288918037621e-01 1.832191022650800605e+01
3.840000000000000000e+02 1.826267714309828349e+01 6.161928448015788207e-02 9.088771634692522916e-01 1.832429642757844235e+01
3.850000000000000000e+02 1.826456620975624645e+01 6.224368904651579604e-02 9.105088190354083677e-01 1.832680989880276101e+01
3.860000000000000000e+02 1.826644127410187934e+01 6.300539400541538271e-02 9.115828055386514528e-01 1.832944666810729473e+01
3.870000000000000000e+02 1.826830229930748573e+01 6.390072091466218740e-02 9.121031545423556874e-01 1.833220302022214909e+01
3.880000000000000000e+02 1.827014925030479020e+01 6.492621649744610701e-02 9.120718140399646234e-01 1.833507546680223754e+01
3.890000000000000000e+02 1.827198209381606020e+01 6.607862285090677912e-02 9.114886457929394226e-01 1.833806071666696624e+01
3.900000000000000000e+02 1.827380079838517801e+01 6.735484762251509050e-02 9.103514250621033144e-01 1.834115564600769233e+01
3.910000000000000000e+02 1.827560533440875545e+01 6.875193400138993050e-02 9.086558427312895203e-01 1.834435726841014613e+01
3.920000000000000000e+02 1.827739567416723787e+01 7.026703036892291421e-02 9.063955099504281687e-01 1.834766270453616244e+01
3.930000000000000000e+02 1.827917179185601171e+01 7.189735944975009230e-02 9.035619655556221819e-01 1.835106915130576155e+01
3.940000000000000000e+02 1.828093366361647298e+01 7.364018679997975936e-02 9.001446866587414775e-01 1.835457385041645395e+01
3.950000000000000000e+02 1.828268126756718459e+01 7.549278846481495553e-02 8.961311029410968798e-01 1.835817405603199859e+01
3.960000000000000000e+02 1.828441458383491280e+01 7.745241763220432618e-02 8.915066153376005609e-01 1.836186700146711814e+01
3.970000000000000000e+02 1.828613359458580234e+01 7.951627010280855334e-02 8.862546199625335186e-01 1.836564986468860994e+01
3.980000000000000000e+02 1.828783828405640222e+01 8.168144838956109544e-02 8.803565383090922181e-01 1.836951973244596203e+01
3.990000000000000000e+02 1.828952863858482658e+01 8.394492425214331033e-02 8.737918549563417070e-01 1.837347356283697053e+01
4.000000000000000000e+02 1.829120464664182322e+01 8.630349946296635155e-02 8.665381642438461096e-01 1.837750814610479111e+01
4.010000000000000000e+02 1.829286629886188109e+01 8.875376459156708586e-02 8.585712276318600011e-01 1.838162006345344679e+01
4.020000000000000000e+02 1.829451358807435213e+01 9.129205558375658169e-02 8.498650437605091978e-01 1.838580564365810943e+01
4.030000000000000000e+02 1.829614650933452324e+01 9.391440790024911667e-02 8.403919335635591237e-01 1.839006091723477354e+01
4.040000000000000000e+02 1.829776505995473457e+01 9.661650796686409304e-02 8.301226431918993232e-01 1.839438156792159873e+01
4.050000000000000000e+02 1.829936923953547989e+01 9.939364167472011791e-02 8.190264679723977537e-01 1.839876288121019954e+01
4.060000000000000000e+02 1.830095904999650358e+01 1.022406396539269485e-01 8.070714011866984006e-01 1.840319968965043174e+01
4.070000000000000000e+02 1.830253449560790813e+01 1.051518190282132309e-01 7.942243121243226511e-01 1.840768631463611982e+01
4.080000000000000000e+02 1.830409558302125106e+01 1.081209213405703723e-01 7.804511586746024632e-01 1.841221650436182244e+01
4.090000000000000000e+02 1.830564232130064539e+01 1.111410463212471750e-01 7.657172407116334956e-01 1.841678336762189261e+01
4.100000000000000000e+02 1.830717472195387074e+01 1.142045811493053176e-01 7.499875017482506845e-01 1.842137930310317628e+01
4.110000000000000000e+02 1.830869279896346313e+01 1.173031248371963903e-01 7.332268878609738971e-01 1.842599592380065943e+01
4.120000000000000000e+02 1.831019656881781543e+01 1.204274073446236631e-01 7.154007748177242387e-01 1.843062397616244041e+01
4.130000000000000000e+02 1.831168605054229914e+01 1.235672030028596574e-01 6.964754768146655950e-01 1.843525325354515942e+01
4.140000000000000000e+02 1.831316126573034353e+01 1.267112378039096932e-01 6.764188534498508654e-01 1.843987250353425367e+01
4.150000000000000000e+02 1.831462223857454674e+01 1.298470900802091987e-01 6.552010358249356070e-01 1.844446932865475475e+01
4.160000000000000000e+02 1.831606899589777626e+01 1.329610840696928697e-01 6.327952984128411007e-01 1.844903007996746780e+01
4.170000000000000000e+02 1.831750156718427291e+01 1.360381758281338227e-01 6.091791112303422961e-01 1.845353974301240640e+01
4.180000000000000000e+02 1.831891998461074422e+01 1.390618309154620369e-01 5.843354179565450890e-01 1.845798181552620676e+01
4.190000000000000000e+02 1.832032428307747551e+01 1.420138932449696301e-01 5.582542016101972315e-01 1.846233817632244367e+01
4.200000000000000000e+02 1.832171450023942683e+01 1.448744444440004664e-01 5.309344229739956234e-01 1.846658894468342638e+01
4.210000000000000000e+02 1.832309067653734402e+01 1.476216530317751019e-01 5.023864527278663061e-01 1.847071232956911757e+01
4.220000000000000000e+02 1.832445285522883793e+01 1.502316126737419100e-01 4.726351741806692486e-01 1.847468446790258056e+01
4.230000000000000000e+02 1.832580108241950967e+01 1.526781687228908335e-01 4.417240237640695510e-01 1.847847925114239942e+01
4.240000000000000000e+02 1.832713540709404043e+01 1.549327322058911272e-01 4.097203872195521179e-01 1.848206813929993331e+01
4.250000000000000000e+02 1.832845588114729196e+01 1.569640803558297049e-01 3.767230304438634603e-01 1.848541996150312272e+01
4.260000000000000000e+02 1.832976255941541766e+01 1.587381427336522766e-01 3.428727131697255626e-01 1.848850070214907149e+01
4.270000000000000000e+02 1.833105549970695591e+01 1.602177719164329939e-01 3.083680094897334745e-01 1.849127327162338830e+01
4.280000000000000000e+02 1.833233476283392349e+01 1.613624976626815699e-01 2.734900523896981461e-01 1.849369726049660656e+01
4.290000000000000000e+02 1.833360041264294082e+01 1.621282633921306282e-01 2.386432766560044050e-01 1.849572867603507120e+01
4.300000000000000000e+02 1.833485251604632538e+01 1.624671437401183083e-01 2.044258699588874517e-01 1.849731965978644510e+01
4.310000000000000000e+02 1.833609114305316012e+01 1.623270418639616575e-01 1.717555901005942409e-01 1.849841818491712075e+01
4.320000000000000000e+02 1.833731636680045440e+01 1.616513650907799859e-01 1.420890721413917146e-01 1.849896773189123422e+01
4.330000000000000000e+02 1.833852826358419819e+01 1.603786774022870620e-01 1.177270630453450539e-01 1.849890694098648680e+01
4.340000000000000000e+02 1.833972691289047674e+01 1.584396560742423743e-01 1.018132758361020712e-01 1.849816656896472011e+01
4.350000000000000000e+02 1.834091239742658530e+01 1.554220050169653200e-01 9.525679968405159626e-02 1.849633440244355143e+01
4.360000000000000000e+02 1.834208480315212597e+01 1.502423369953667098e-01 9.403283924269692506e-02 1.849232714014749135e+01
4.370000000000000000e+02 1.834324421931007976e+01 1.417252444238870646e-01 9.429476705474677811e-02 1.848496946373396810e+01
4.380000000000000000e+02 1.834439073845795320e+01 1.286733201272372007e-01 9.426697859656130163e-02 1.847306405858519085e+01
4.390000000000000000e+02 1.834552445649885044e+01 1.099036613044963584e-01 9.401323328757021924e-02 1.845542811780334702e+01
4.400000000000000000e+02 1.834664547271258783e+01 8.598943278405246637e-02 9.340963969116691801e-02 1.843263490549664141e+01
4.410000000000000000e+02 1.834775388978678734e+01 5.985251902638127203e-02 9.142505074295496914e-02 1.840760640881316945e+01
4.420000000000000000e+02 1.834884981384798763e+01 3.456479249947976007e-02 8.803339269576186676e-02 1.838341460634746838e+01
4.430000000000000000e+02 1.834993335449273744e+01 1.320279164282515266e-02 8.454415324935239673e-02 1.836313614613556311e+01
4.440000000000000000e+02 1.835100462481868888e+01 -1.258286804285392363e-03 8.326812602645575212e-02 1.834974633801440191e+01
4.450000000000000000e+02 1.835206374145573704e+01 -8.656789852576340927e-03 8.421384664476218307e-02 1.834340695160316059e+01
4.460000000000000000e+02 1.835311082459706000e+01 -1.162952225075568162e-02 8.514314363230207627e-02 1.834148130234630258e+01
4.470000000000000000e+02 1.835414599803028324e+01 -1.290834878181234581e-02 8.500202925826774725e-02 1.834123764924846967e+01
4.480000000000000000e+02 1.835516938916854102e+01 -1.521458225683584853e-02 8.438265406736061847e-02 1.833995480691170599e+01
4.490000000000000000e+02 1.835618112908158750e+01 -2.126452529785426496e-02 8.523455564247860161e-02 1.833491660378373211e+01
4.500000000000000000e+02 1.835718135252690431e+01 -3.256019082977438389e-02 8.824253296017449399e-02 1.832462116169713084e+01
4.510000000000000000e+02 1.835817019798080452e+01 -4.829504132960603380e-02 9.091360842923389141e-02 1.830987515665119858e+01
4.520000000000000000e+02 1.835914780766951537e+01 -6.742929757428310633e-02 9.124520607794922578e-02 1.829171851009523309e+01
4.530000000000000000e+02 1.836011432760030360e+01 -8.894367604479651301e-02 8.848919224087545277e-02 1.827117065155550790e+01
4.540000000000000000e+02 1.836106990759256163e+01 -1.118329241429538573e-01 8.323930422382727623e-02 1.824923698344960954e+01
4.550000000000000000e+02 1.836201470130892233e+01 -1.350994192876456557e-01 7.761465403799697182e-02 1.822691528202127742e+01
4.560000000000000000e+02 1.836294886628633449e+01 -1.577464698697574053e-01 7.516593518992845113e-02 1.820520239641657767e+01
4.570000000000000000e+02 1.836387256396719181e+01 -1.787440278218197232e-01 7.710457131376020901e-02 1.818512853614537050e+01
4.580000000000000000e+02 1.836478595973043682e+01 -1.970009760784177388e-01 7.988880247132214285e-02 1.816778498365201955e+01
4.590000000000000000e+02 1.836568922292263295e+01 -2.114026287383543312e-01 8.078442850318837132e-02 1.815428659418427770e+01
4.600000000000000000e+02 1.836658252688908988e+01 -2.208086639026515807e-01 7.902725178595748634e-02 1.814577386298643802e+01
4.610000000000000000e+02 1.836746604900494972e+01 -2.240459577477668385e-01 7.585553495739870422e-02 1.814342009125718391e+01
4.620000000000000000e+02 1.836833997070631952e+01 -2.199012638570262690e-01 7.448996723151016242e-02 1.814843870684929428e+01
4.630000000000000000e+02 1.836920447752133256e+01 -2.076073456457509792e-01 7.813466440458195772e-02 1.816159713187558111e+01
4.640000000000000000e+02 1.837005975910127731e+01 -1.889333922685355327e-01 8.440561925812906097e-02 1.818112636683274275e+01
4.650000000000000000e+02 1.837090600925168360e+01 -1.664524911484991654e-01 8.977635426282908060e-02 1.820445351810318613e+01
4.660000000000000000e+02 1.837174342596343735e+01 -1.427129412545171672e-01 9.230673827440015466e-02 1.822903048470892173e+01
4.670000000000000000e+02 1.837257221144387387e+01 -1.202537018811110636e-01 9.154427594794410650e-02 1.825231850956276247e+01
4.680000000000000000e+02 1.837339257214787835e+01 -1.016202686974429226e-01 8.835899212543199543e-02 1.827177230345043668e+01
4.690000000000000000e+02 1.837420471880898987e+01 -8.938057792561049375e-02 8.494055173101816569e-02 1.828482414088338004e+01
4.700000000000000000e+02 1.837500886647050891e+01 -8.602096370847188422e-02 8.432906521700023195e-02 1.828898790276203812e+01
4.710000000000000000e+02 1.837580523451659431e+01 -9.151167378595712054e-02 8.649675052278493759e-02 1.828429356073063872e+01
4.720000000000000000e+02 1.837659404670335306e+01 -1.034092922039065027e-01 8.850648823057714887e-02 1.827318475449944657e+01
4.730000000000000000e+02 1.837737553118996914e+01 -1.192094909729679159e-01 8.840858022629484447e-02 1.825816604021700229e+01
4.740000000000000000e+02 1.837814992056977559e+01 -1.364310159132132438e-01 8.577584693887378708e-02 1.824171890465656176e+01
4.750000000000000000e+02 1.837891745190137271e+01 -1.526002417259865185e-01 8.179235128381905084e-02 1.822631721017538453e+01
4.760000000000000000e+02 1.837967836673972855e+01 -1.652357605899326398e-01 7.928479345644331988e-02 1.821444260614979527e+01
4.770000000000000000e+02 1.838043291116728284e+01 -1.722005357571474993e-01 8.123991609703469507e-02 1.820823237541013384e+01
4.780000000000000000e+02 1.838118133582503333e+01 -1.736630626000128241e-01 8.576030807497631026e-02 1.820751827322501981e+01
4.790000000000000000e+02 1.838192389594366105e+01 -1.706749041867038630e-01 8.957765442492483798e-02 1.821124899175695688e+01
4.800000000000000000e+02 1.838266085137460593e+01 -1.642607039239204481e-01 9.090364863358020575e-02 1.821840014745068714e+01
4.810000000000000000e+02 1.838339246662118853e+01 -1.554223652845597436e-01 8.949647354070547345e-02 1.822797010133662710e+01
4.820000000000000000e+02 1.838411901086971056e+01 -1.451452886272198151e-01 8.656760396425045023e-02 1.823897372224249125e+01
4.830000000000000000e+02 1.838484075802054107e+01 -1.344045293153253717e-01 8.468116533089718734e-02 1.825043622870521531e+01
4.840000000000000000e+02 1.838555798671922048e+01 -1.239710359804040707e-01 8.619403048677262702e-02 1.826158695073881688e+01
4.850000000000000000e+02 1.838627098038759655e+01 -1.136733385836750237e-01 8.926481301299320215e-02 1.827259764180392310e+01
4.860000000000000000e+02 1.838698002725487157e+01 -1.030619273024567101e-01 9.138794492127796931e-02 1.828391809995241601e+01
4.870000000000000000e+02 1.838768542038874543e+01 -9.168423969657739370e-02 9.141398437544782929e-02 1.829600118069216919e+01
4.880000000000000000e+02 1.838838745772649474e+01 -7.908201087230233572e-02 8.970012956552642081e-02 1.830930544685419292e+01
4.890000000000000000e+02 1.838908644210609111e+01 -6.478855674485406446e-02 8.807577852147861763e-02 1.832429788536123638e+01
4.900000000000000000e+02 1.838978268129729088e+01 -4.836693897803219511e-02 8.931944130103623702e-02 1.834141574231925986e+01
4.910000000000000000e+02 1.839047648803273916e+01 -3.035827271720587667e-02 9.350298431211374883e-02 1.836011821531553423e+01
4.920000000000000000e+02 1.839116818003905962e+01 -1.231391439869850522e-02 9.787196110445631203e-02 1.837885426564035996e+01
4.930000000000000000e+02 1.839185808006800116e+01 4.168628802966324251e-03 1.004658858051221404e-01 1.839602670887096636e+01
4.940000000000000000e+02 1.839254651592747791e+01 1.748233941305039549e-02 1.005526417091212599e-01 1.841002885534052780e+01
4.950000000000000000e+02 1.839323382051270173e+01 2.600062717851538141e-02 9.857125564801011430e-02 1.841923444769121687e+01
4.960000000000000000e+02 1.839392033183730746e+01 2.806717604166302990e-02 9.605242121830392943e-02 1.842198750787897055e+01
4.970000000000000000e+02 1.839460639306440726e+01 2.203101910159824955e-02 9.525780841157632794e-02 1.841663741216600414e+01
4.980000000000000000e+02 1.839529235253771233e+01 7.758592326361009317e-03 9.634278495952848520e-02 1.840305094486407356e+01
4.990000000000000000e+02 1.839597856381265473e+01 -1.300521749535765714e-02 9.681889516945718643e-02 1.838297334631729640e+01
5.000000000000000000e+02 1.839666538568744514e+01 -3.843694822972336389e-02 9.492517559270344241e-02 1.835822843745772204e+01
5.010000000000000000e+02 1.839735318223422667e+01 -6.674178799811091023e-02 9.039992010018373103e-02 1.833061139423611507e+01
5.020000000000000000e+02 1.839804232283012908e+01 -9.614227009480059982e-02 8.512909923111509902e-02 1.830190005273532705e+01
5.030000000000000000e+02 1.839873318218840481e+01 -1.248670475307177008e-01 8.405829232169424736e-02 1.827386613465768761e+01
5.040000000000000000e+02 1.839942614038952229e+01 -1.511982560047575586e-01 9.400708683248980291e-02 1.824822788438476451e+01
5.050000000000000000e+02 1.840012158291223088e+01 -1.744623238603085491e-01 1.155326415447037874e-01 1.822565925905192330e+01
5.060000000000000000e+02 1.840081990066472528e+01 -1.948869180213952945e-01 1.438903217055299832e-01 1.820593298264332915e+01
5.070000000000000000e+02 1.840152149001569626e+01 -2.127112222486514104e-01 1.755853082570088819e-01 1.818881026776704601e+01
5.080000000000000000e+02 1.840222675282546660e+01 -2.281565404379555795e-01 2.086271516066697251e-01 1.817407021238751241e+01
5.090000000000000000e+02 1.840293609647707029e+01 -2.414274914555127882e-01 2.418725908457781404e-01 1.816150860502155595e+01
5.100000000000000000e+02 1.840364993390736714e+01 -2.527131237222833282e-01 2.746176964631495410e-01 1.815093681018508320e+01
5.110000000000000000e+02 1.840436868363813261e+01 -2.621879544745227553e-01 3.063980646249853668e-01 1.814218072916360924e+01
5.120000000000000000e+02 1.840509276980716891e+01 -2.700129383107623959e-01 3.368904132594004452e-01 1.813507983149640523e+01
5.130000000000000000e+02 1.840582262219938769e+01 -2.763363693377687835e-01 3.658609592072029626e-01 1.812948625286161786e+01
5.140000000000000000e+02 1.840655867627795317e+01 -2.812947209474584431e-01 3.931362350733352273e-01 1.812526395533049595e+01
5.150000000000000000e+02 1.840730137321534698e+01 -2.850134269926631880e-01 4.185853645295841141e-01 1.812228794622268424e+01
5.160000000000000000e+02 1.840805115992447583e+01 -2.876076078806205083e-01 4.421085903366154257e-01 1.812044355204385582e+01
5.170000000000000000e+02 1.840880848908977185e+01 -2.891827448683816359e-01 4.636294396803719575e-01 1.811962574422139127e+01
5.180000000000000000e+02 1.840957381919832869e+01 -2.898353056231566804e-01 4.830891348822279330e-01 1.811973851357517162e+01
5.190000000000000000e+02 1.841034761457093794e+01 -2.896533239015109951e-01 5.004424675123739785e-01 1.812069429066942661e+01
5.200000000000000000e+02 1.841113034539325355e+01 -2.887169360044259947e-01 5.156546743846335268e-01 1.812241340938882672e+01
5.210000000000000000e+02 1.841192248774686391e+01 -2.870988764786597813e-01 5.286990308170077535e-01 1.812482361126820507e+01
5.220000000000000000e+02 1.841272452364038514e+01 -2.848649353588124655e-01 5.395549789096462101e-01 1.812785958828157362e+01
5.230000000000000000e+02 1.841353694104057581e+01 -2.820743790776646942e-01 5.482066705869249601e-01 1.813146256196291262e+01
5.240000000000000000e+02 1.841436023390345511e+01 -2.787803370144051884e-01 5.546418444577064788e-01 1.813557989688904826e+01
5.250000000000000000e+02 1.841519490220536426e+01 -2.750301555005111864e-01 5.588509817289755155e-01 1.814016474670485479e+01
5.260000000000000000e+02 1.841604145197410602e+01 -2.708657209607034377e-01 5.608267048761319540e-01 1.814517573101340275e+01
5.270000000000000000e+02 1.841690039532002032e+01 -2.663237537311867187e-01 5.605633967688516961e-01 1.815057664158883455e+01
5.280000000000000000e+02 1.841777225046710953e+01 -2.614360739683531110e-01 5.580570295772042666e-01 1.815633617649875475e+01
5.290000000000000000e+02 1.841865754178411052e+01 -2.562298409382812170e-01 5.533052035874280739e-01 1.816242770084582858e+01
5.300000000000000000e+02 1.841955679981562355e+01 -2.507277668597880926e-01 5.463074074135323421e-01 1.816882903295583418e+01
5.310000000000000000e+02 1.842047056131318428e+01 -2.449483063611716527e-01 5.370655245104108966e-01 1.817552225495201412e+01
5.320000000000000000e+02 1.842139936926642108e+01 -2.389058225027566595e-01 5.255846283748393244e-01 1.818249354676366281e+01
5.330000000000000000e+02 1.842234377293407732e+01 -2.326107302133320620e-01 5.118741333555335560e-01 1.818973304272074643e+01
5.340000000000000000e+02 1.842330432787519001e+01 -2.260696178882092011e-01 4.959494044131395052e-01 1.819723470998697934e+01
5.350000000000000000e+02 1.842428159598014048e+01 -2.192853477994823885e-01 4.778339856576510614e-01 1.820499624818065953e+01
5.360000000000000000e+02 1.842527614550176196e+01 -2.122571358749092141e-01 4.575626984092683869e-01 1.821301900962685139e+01
5.370000000000000000e+02 1.842628855108647201e+01 -2.049806113099356120e-01 4.351860109034735302e-01 1.822130793977653695e+01
5.380000000000000000e+02 1.842731939380533390e+01 -1.974478563878119541e-01 4.107763421545597704e-01 1.822987153741752309e+01
5.390000000000000000e+02 1.842836926118519969e+01 -1.896474267947536319e-01 3.844374251355493488e-01 1.823872183439044647e+01
5.400000000000000000e+02 1.842943874723977515e+01 -1.815643526305857625e-01 3.563187029826804797e-01 1.824787439460919103e+01
5.410000000000000000e+02 1.843052845250071670e+01 -1.731801202298352549e-01 3.266383350306050759e-01 1.825734833227088316e+01
5.420000000000000000e+02 1.843163898404880996e+01 -1.644726348233798707e-01 2.957214879147200270e-01 1.826716634922543037e+01
5.430000000000000000e+02 1.843277095554495304e+01 -1.554161639863869127e-01 2.640666023403236418e-01 1.827735479155856524e+01
5.440000000000000000e+02 1.843392498726134932e+01 -1.459812617338243357e-01 2.324634775128518183e-01 1.828794372552752634e+01
5.450000000000000000e+02 1.843510170611256527e+01 -1.361346730400834204e-01 2.022035916006766354e-01 1.829896703307248274e+01
5.460000000000000000e+02 1.843630174568666291e+01 -1.258392184738814645e-01 1.754236261008129405e-01 1.831046252721278123e+01
5.470000000000000000e+02 1.843752574627627538e+01 -1.150536585532039996e-01 1.554819772265014499e-01 1.832247208772307090e+01
5.480000000000000000e+02 1.843877435490971095e+01 -1.037325450367095891e-01 1.466756763196185032e-01 1.833504180987300103e+01
5.490000000000000000e+02 1.844004822538205701e+01 -9.185017248904893405e-02 1.512350563951053162e-01 1.834819805289300731e+01
5.500000000000000000e+02 1.844134801828630543e+01 -7.945398714490908842e-02 1.656092872305904573e-01 1.836189403114139651e+01
5.510000000000000000e+02 1.844267440104442102e+01 -6.660294860664583982e-02 1.849632760310186419e-01 1.837607145243777396e+01
5.520000000000000000e+02 1.844402804793844908e+01 -5.335245794061269087e-02 2.057295676770891091e-01 1.839067558999783714e+01
5.530000000000000000e+02 1.844540964014164786e+01 -3.975482125265249883e-02 2.257184901848455771e-01 1.840565481888899413e+01
5.540000000000000000e+02 1.844681986574953214e+01 -2.585969798025302552e-02 2.436558139321639282e-01 1.842096016776928025e+01
5.550000000000000000e+02 1.844825941981103412e+01 -1.171453616784625187e-02 2.588059584997374207e-01 1.843654488364318667e+01
5.560000000000000000e+02 1.844972900435957541e+01 2.635003063399686020e-03 2.707511405262771342e-01 1.845236400742297533e+01
5.570000000000000000e+02 1.845122932844418528e+01 1.714462968547657284e-02 2.792727684902308050e-01 1.846837395812966065e+01
5.580000000000000000e+02 1.845276110816055848e+01 3.177101544365137920e-02 2.842901356826404990e-01 1.848453212360421105e+01
5.590000000000000000e+02 1.845432506668219474e+01 4.647138894439579310e-02 2.858314052901026470e-01 1.850079645562659181e+01
5.600000000000000000e+02 1.845592193429154193e+01 6.120313306677731963e-02 2.840246236316859574e-01 1.851712506735831809e+01
5.610000000000000000e+02 1.845755244841098630e+01 7.592338262198591869e-02 2.791035613752494982e-01 1.853347583103297325e+01
5.620000000000000000e+02 1.845921735363406668e+01 9.058862018573449193e-02 2.714272039519563529e-01 1.854980597381980090e+01
5.630000000000000000e+02 1.846091740175647899e+01 1.051542680193703616e-01 2.615140286451968499e-01 1.856607166977584811e+01
5.640000000000000000e+02 1.846265335180727618e+01 1.195742739776081004e-01 2.500926763048545443e-01 1.858222762578488485e+01
5.650000000000000000e+02 1.846442597007988340e+01 1.338006892738169418e-01 2.381669194599951023e-01 1.859822665935369912e+01
5.660000000000000000e+02 1.846623603016326243e+01 1.477832359375965965e-01 2.270789961931163892e-01 1.861401926610085766e+01
5.670000000000000000e+02 1.846808431297297659e+01 1.614688617538526383e-01 2.185229419023955455e-01 1.862955317472682992e+01
5.680000000000000000e+02 1.846997160678227345e+01 1.748012804175592683e-01 2.144136906318400426e-01 1.864477288719983150e+01
5.690000000000000000e+02 1.847189870725326699e+01 1.877251029028407792e-01 2.163150366660203661e-01 1.865962381015610916e+01
5.700000000000000000e+02 1.847386641746794211e+01 2.002183569394224705e-01 2.235586536308876437e-01 1.867408477440736547e+01
5.710000000000000000e+02 1.847587554795934395e+01 2.122729654442803149e-01 2.342863495310593125e-01 1.868814851340362537e+01
5.720000000000000000e+02 1.847792691674260368e+01 2.238763689968497617e-01 2.467106900215391696e-01 1.870180328573945516e+01
5.730000000000000000e+02 1.848002134934607810e+01 2.350112104540604541e-01 2.593543724155216723e-01 1.871503255980013947e+01
5.740000000000000000e+02 1.848215967884246425e+01 2.456551177350764503e-01 2.710915931825268466e-01 1.872781479657754033e+01
5.750000000000000000e+02 1.848434274587987147e+01 2.557804601441334147e-01 2.811013489747359873e-01 1.874012320602400550e+01
5.760000000000000000e+02 1.848657139871293964e+01 2.653540769419425738e-01 2.888016438937487385e-01 1.875192547565488255e+01
5.770000000000000000e+02 1.848884649323394314e+01 2.743369767549998506e-01 2.937926768454353077e-01 1.876318346998894171e+01
5.780000000000000000e+02 1.849116889300384869e+01 2.826840062848973156e-01 2.958157125008117339e-01 1.877385289928874457e+01
5.790000000000000000e+02 1.849353946928350112e+01 2.903434866459213559e-01 2.947268242056923504e-01 1.878388295592942114e+01
5.800000000000000000e+02 1.849595910106466334e+01 2.972568155181623539e-01 2.904833702227036518e-01 1.879321591658282742e+01
5.810000000000000000e+02 1.849842867510111688e+01 3.033580331546723019e-01 2.831419595043854209e-01 1.880178670825578990e+01
5.820000000000000000e+02 1.850094908593979426e+01 3.085733501241337273e-01 2.728683569361783356e-01 1.880952243606392926e+01
5.830000000000000000e+02 1.850352123595185816e+01 3.128206345045424497e-01 2.599619951827339959e-01 1.881634187045640161e+01
5.840000000000000000e+02 1.850614603536382319e+01 3.160088560678274705e-01 2.449005571658491309e-01 1.882215489143165144e+01
5.850000000000000000e+02 1.850882440228862436e+01 3.180374848094610907e-01 2.284129924596384198e-01 1.882686188709808661e+01
5.860000000000000000e+02 1.851155726275673885e+01 3.187958409802154058e-01 2.115890139782986290e-01 1.883035310373695381e+01
5.870000000000000000e+02 1.851434555074732202e+01 3.181623935685192195e-01 1.960170274199962148e-01 1.883250794431584296e+01
5.880000000000000000e+02 1.851719020821924033e+01 3.160040039605167550e-01 1.838788602053285093e-01 1.883319421217975531e+01
5.890000000000000000e+02 1.852009218514221800e+01 3.121751112700766884e-01 1.777908929117690828e-01 1.883226729641229369e+01
5.900000000000000000e+02 1.852305243952791614e+01 3.065498561264170529e-01 1.798122617374089405e-01 1.882960229565433252e+01
5.910000000000000000e+02 1.852607193746106518e+01 2.992251926197628809e-01 1.887688870152316734e-01 1.882529713008082695e+01
5.920000000000000000e+02 1.852915165313055823e+01 2.903880956012364623e-01 2.019232903646497046e-01 1.881953974873179547e+01
5.930000000000000000e+02 1.853229256886047693e+01 2.802138065072337092e-01 2.167987487271486047e-01 1.881250637536771109e+01
5.940000000000000000e+02 1.853549567514134822e+01 2.688665656567596485e-01 2.315190684348847339e-01 1.880436224079810614e+01
5.950000000000000000e+02 1.853876197066108489e+01 2.565007213021041066e-01 2.447692671346584636e-01 1.879526269196318822e+01
5.960000000000000000e+02 1.854209246233619268e+01 2.432617888453847410e-01 2.556520244748245463e-01 1.878535425118157676e+01
5.970000000000000000e+02 1.854548816534283873e+01 2.292874652839446414e-01 2.635587290725202037e-01 1.877477563062678456e+01
5.980000000000000000e+02 1.854895010314792358e+01 2.147086037555204219e-01 2.680792054346803899e-01 1.876365870690344551e+01
5.990000000000000000e+02 1.855247930754023145e+01 1.996501528824257132e-01 2.689445114656244251e-01 1.875212946042265827e+01
6.000000000000000000e+02 1.855607681866152348e+01 1.842320654620074050e-01 2.659934773199981728e-01 1.874030888412353235e+01
6.010000000000000000e+02 1.855974368503759564e+01 1.685701809177696797e-01 2.591565571610441321e-01 1.872831386595536429e+01
6.020000000000000000e+02 1.856348096360944666e+01 1.527770858112871555e-01 2.484544820760584416e-01 1.871625804942073401e+01
6.030000000000000000e+02 1.856728971976429676e+01 1.369629566188420300e-01 2.340136858047073554e-01 1.870425267638313827e+01
6.040000000000000000e+02 1.857117102736679826e+01 1.212363888983149507e-01 2.161072484695999718e-01 1.869240741626511237e+01
6.050000000000000000e+02 1.857512596879002587e+01 1.057052169108587542e-01 1.952433938872199515e-01 1.868083118570088530e+01
6.060000000000000000e+02 1.857915563494665179e+01 9.047732771805228058e-02 1.723525540535280898e-01 1.866963296266470351e+01
6.070000000000000000e+02 1.858326112532001417e+01 7.566147374841937501e-02 1.491822147164798273e-01 1.865892259906843265e+01
6.080000000000000000e+02 1.858744354799524956e+01 6.136808781726241224e-02 1.290571109583942000e-01 1.864881163581251045e+01
6.090000000000000000e+02 1.859170401969034003e+01 4.771010459065405662e-02 1.177238372533373628e-01 1.863941412428099298e+01
6.100000000000000000e+02 1.859604366578728474e+01 3.479722537119783049e-02 1.216774242356802038e-01 1.863084089115848130e+01
6.110000000000000000e+02 1.860046362036312217e+01 2.264475793161573741e-02 1.403477407252094744e-01 1.862310837829473797e+01
6.120000000000000000e+02 1.860496502622114079e+01 1.119640442251006000e-02 1.676475792245001040e-01 1.861616143064365048e+01
6.130000000000000000e+02 1.860954903492181955e+01 3.980323463546965915e-04 1.988038081823404746e-01 1.860994706726817327e+01
6.140000000000000000e+02 1.861421680681412738e+01 -9.800590564131916177e-03 2.310969519188397769e-01 1.860441621624999442e+01
6.150000000000000000e+02 1.861896951106642817e+01 -1.944600340957741008e-02 2.630511851741045293e-01 1.859952350765685125e+01
6.160000000000000000e+02 1.862380832569775180e+01 -2.858124211942976792e-02 2.938312168791133439e-01 1.859522708357832244e+01
6.170000000000000000e+02 1.862873443760878089e+01 -3.724601310839304597e-02 3.229341508132289040e-01 1.859148842450038686e+01
6.180000000000000000e+02 1.863374904261300458e+01 -4.547685125546283708e-02 3.500392131186790268e-01 1.858827219135754305e+01
6.190000000000000000e+02 1.863885334546778694e+01 -5.330726280218988505e-02 3.749318323788803364e-01 1.858554608266559782e+01
6.200000000000000000e+02 1.864404855990551368e+01 -6.076785370396498021e-02 3.974630291728684095e-01 1.858328070620154904e+01
6.210000000000000000e+02 1.864933590866466062e+01 -6.788644390722246846e-02 4.175263464774708333e-01 1.858144946475743708e+01
6.220000000000000000e+02 1.865471662352090476e+01 -7.468816796625124543e-02 4.350439829784428780e-01 1.858002845555465399e+01
6.230000000000000000e+02 1.866019194531821412e+01 -8.119556235556296686e-02 4.499580322856425729e-01 1.857899638296265010e+01
6.240000000000000000e+02 1.866576312399995885e+01 -8.742863977726729463e-02 4.622247157402314399e-01 1.857833448422269029e+01
6.250000000000000000e+02 1.867143141864003297e+01 -9.340495070741790251e-02 4.718104697698074501e-01 1.857802646793261658e+01
6.260000000000000000e+02 1.867719809747394777e+01 -9.913963237060573197e-02 4.786892495771065126e-01 1.857805846510334291e+01
6.270000000000000000e+02 1.868306443792985760e+01 -1.046454452779683048e-01 4.828406818131214528e-01 1.857841899265189056e+01
6.280000000000000000e+02 1.868903172665979540e+01 -1.099327974100558492e-01 4.842488538614566074e-01 1.857909892924973860e+01
6.290000000000000000e+02 1.869510125957068425e+01 -1.150097560723986612e-01 4.829016229210902345e-01 1.858009150349828431e+01
6.300000000000000000e+02 1.870127434185545923e+01 -1.198820473979932549e-01 4.787903941569751631e-01 1.858139229445746565e+01
6.310000000000000000e+02 1.870755228802415360e+01 -1.245530434170060985e-01 4.719103716592645825e-01 1.858299924460714792e+01
6.320000000000000000e+02 1.871393642193503126e+01 -1.290237365595957031e-01 4.622613421431496783e-01 1.858491268537543561e+01
6.330000000000000000e+02 1.872042807682565169e+01 -1.332927014026538126e-01 4.498491230752128534e-01 1.858713537542299932e+01
6.340000000000000000e+02 1.872702859534405206e+01 -1.373560434152400478e-01 4.346879138137008103e-01 1.858967255192881041e+01
6.350000000000000000e+02 1.873373932957972698e+01 -1.412073344003076658e-01 4.168039638692065951e-01 1.859253199517942079e+01
6.360000000000000000e+02 1.874056164109484257e+01 -1.448375342717686531e-01 3.962412796064178067e-01 1.859572410682307364e+01
6.370000000000000000e+02 1.874749690095523391e+01 -1.482348987457835776e-01 3.730706556281129793e-01 1.859926200220944992e+01
6.380000000000000000e+02 1.875454648976159078e+01 -1.513848724631431386e-01 3.474044029275342726e-01 1.860316161729844708e+01
6.390000000000000000e+02 1.876171179768057229e+01 -1.542699669954925024e-01 3.194213241230569045e-01 1.860744183068507951e+01
6.400000000000000000e+02 1.876899422447577592e+01 -1.568696231216756276e-01 2.894110354056241841e-01 1.861212460135410041e+01
6.410000000000000000e+02 1.877639517953901560e+01 -1.591600566913734527e-01 2.578565385079846228e-01 1.861723512284764226e+01
6.420000000000000000e+02 1.878391608192129070e+01 -1.611140873212129065e-01 2.255951126536100415e-01 1.862280199460007779e+01
6.430000000000000000e+02 1.879155836036395399e+01 -1.627009490933333524e-01 1.941390534251912769e-01 1.862885741127061934e+01
6.440000000000000000e+02 1.879932345332976595e+01 -1.638860823477185646e-01 1.662809925070438677e-01 1.863543737098204645e+01
6.450000000000000000e+02 1.880721280903404136e+01 -1.646309055771205121e-01 1.469009562134191149e-01 1.864258190345692157e+01
6.460000000000000000e+02 1.881522788547574976e+01 -1.648927094777773161e-01 1.425387211935930931e-01 1.865033517599797364e+01
6.470000000000000000e+02 1.882337015046859108e+01 -1.646543224096797819e-01 1.559760862618384258e-01 1.865871582805891293e+01
