phase UVW2.uvot-lum UVW2.uvot-elum UVM2.uvot-lum UVM2.uvot-elum UVW1.uvot-lum UVW1.uvot-elum U.uvot-lum U.uvot-elum g.ztf-lum g.ztf-elum r.ztf-lum r.ztf-elum
-50.0 1.3469609732080096e+43 9.699306542362753e+42 1.7684380687648228e+43 1.2549476802995024e+43 1.1342119140274839e+43 8.08805996567297e+42 1.685582303830279e+43 1.2296231726919033e+43 3.965582648793261e+41 8.508965383598628e+40 2.2363751270270958e+41 3.9985457674422625e+40
-45.0 1.3403785683363145e+43 8.62029736342189e+42 1.574980638980042e+43 9.956099207636664e+42 1.0760500343088048e+43 6.855334501005955e+42 1.2238595854258898e+43 8.03913149590172e+42 7.451938242240182e+41 8.2294078945045865e+40 3.4738443615456067e+41 3.8547149133519314e+40
-40.0 1.3327848760623773e+43 7.250518072468749e+42 1.4243211549002152e+43 7.594693852773855e+42 1.0232420835571619e+43 5.52303914704609e+42 9.315047520248449e+42 5.240352005264386e+42 1.2522194086792908e+42 2.558027328138719e+41 5.147201161634495e+41 5.939930331468116e+40
-35.0 1.3355317673836365e+43 5.61571876255525e+42 1.3206598587558984e+43 5.427016120427989e+42 9.814162724549305e+42 4.112693842346434e+42 7.496216252169597e+42 3.3280409152292974e+42 1.896750281197464e+42 6.996784172125444e+41 7.607601090963509e+41 9.623012956476474e+40
-30.0 1.3652592964709525e+43 3.7429686075472803e+42 1.2735940793357676e+43 3.40268553750466e+42 9.579880551967996e+42 2.6496427581973244e+42 6.472100548276316e+42 1.9541041353858178e+42 2.6362803240192882e+42 1.3442853379668246e+42 1.0825917037386547e+42 7.65618371703075e+40
-25.0 1.4488293532663171e+43 1.707550453250864e+42 1.304172347072147e+43 1.4942415620058008e+42 9.639705021037998e+42 1.2011001344676652e+42 6.134820700186334e+42 9.087094040862244e+41 3.409390115683707e+42 2.1200997454538345e+42 1.403293887772392e+42 1.0672737648954877e+41
-10.0 2.0444342249362372e+43 3.196261847443837e+42 1.784640299777041e+43 2.7871618118821835e+42 1.2967230697804334e+43 2.104919329664201e+42 8.452244205685897e+42 1.5366661204692074e+42 5.2934250673341556e+42 4.3342036794500296e+42 1.9515166585311462e+42 5.995646579052608e+40
-5.0 2.087628015580352e+43 6.509376161128637e+42 1.7928327406966672e+43 5.5121579543451e+42 1.3319122889513393e+43 4.1752366548155576e+42 8.472693787912317e+42 2.841172018740446e+42 5.628123230560372e+42 4.799127027131232e+42 1.8249430273659552e+42 9.226981060066533e+40
0.0 2.0455885715797123e+43 9.23126756150262e+42 1.72831349152251e+43 7.671891350347931e+42 1.3087528369745576e+43 5.878419806468833e+42 8.071275766713148e+42 3.8032251894122586e+42 5.790514826727503e+42 5.07684869803005e+42 1.6823906245942542e+42 3.230185846840833e+41
50.0 1.0140180781322128e+43 6.716964446980103e+42 8.329704592528377e+42 5.431624640916592e+42 7.329023830355863e+42 4.805311635980841e+42 3.697944240078647e+42 2.5035111656687017e+42 2.904247232087498e+42 2.6012711844799544e+42 1.2804574927712518e+42 4.2027424421668205e+41
55.0 9.473883555013688e+42 5.4541557377615993e+42 7.863827553698471e+42 4.451633052869521e+42 6.953763239515074e+42 3.9685672271179565e+42 3.508353681016092e+42 2.0877708686292506e+42 2.609919094330177e+42 2.296830495842566e+42 1.2033398900554823e+42 2.1965189508026246e+41
60.0 8.839424091138684e+42 4.090795715242729e+42 7.424337322140356e+42 3.376572508167541e+42 6.52646975786406e+42 3.0052281796291383e+42 3.335718458681797e+42 1.626718126861112e+42 2.3469811339921603e+42 2.0127658696623083e+42 1.1155513649953615e+42 5.748419698408195e+40
65.0 8.21109395747008e+42 2.654411662274887e+42 6.985969528528995e+42 2.2226312224428423e+42 5.996592583567409e+42 1.9469622148569342e+42 3.173154863827472e+42 1.1236499460312862e+42 2.1144848206645926e+42 1.7465850791349738e+42 1.0127782646155907e+42 4.0740166920847966e+40
70.0 7.559436193567065e+42 1.236397271233574e+42 6.519670846800738e+42 1.0617392444045506e+42 5.3129604857791e+42 9.025396249210516e+41 3.0140192143760664e+42 6.082979307901927e+41 1.9105611522655347e+42 1.4946797845377512e+42 8.432550045695683e+41 3.611221138743992e+40
276.0 2.7743498992760535e+42 7.167224688211231e+41 2.463658618262866e+42 6.422938905235595e+41 1.8324639807667094e+42 4.858742502127724e+41 1.1774528140699648e+42 8.741141360384852e+41 7.921715291038479e+41 4.9640686075177275e+41 4.070633031895934e+41 2.556425136371191e+41
286.0 2.6974843640463226e+42 1.0677300032579994e+42 2.3640786779026246e+42 9.265443134526233e+41 1.724928203828974e+42 6.898172407996769e+41 1.269022177178124e+42 8.091329412903404e+41 7.633491677698305e+41 3.0630296050041127e+41 3.602104239877902e+41 1.4930958085522897e+41
296.0 2.648260604592342e+42 8.241151893512105e+41 2.308276170331662e+42 7.195780289211278e+41 1.6535491461892132e+42 5.4198546148354945e+41 1.2972637711968599e+42 5.6541847994561214e+41 6.865895624212083e+41 7.874592163138191e+40 3.100758586315963e+41 4.2075439665590423e+40
217.8 3.3064791936185625e+42 1.6733064257912535e+41 2.803270589209657e+42 1.8146435271887744e+41 2.3324313087214094e+42 1.6978501973896455e+41 1.0660039436878401e+42 1.6442462676874895e+41 9.235116819080511e+41 1.719802931104847e+41 6.070992954984542e+41 1.1245930190297858e+41
224.5 3.3362376466242436e+42 1.6802905067895564e+41 2.8046681575125215e+42 1.7596197770936996e+41 2.1088683137945236e+42 1.6158560091982715e+41 9.603983542078728e+41 1.6798636427418845e+41 9.553604062412874e+41 3.5599980733778976e+41 6.223586106379058e+41 2.3503466558889457e+41
231.0 3.006878819750536e+42 1.5107853454481163e+41 2.555876514766876e+42 1.6497515739115927e+41 2.0138418883370538e+42 1.5231423684890368e+41 8.704208815618223e+41 2.000577941365642e+41 9.525347906592987e+41 5.1072012268112246e+41 6.137021048836888e+41 3.2845473352764575e+41
238.0 3.1073944527607306e+42 1.5352318330696133e+41 2.6699433416830215e+42 1.6507214703713663e+41 2.03994457447825e+42 1.5117533114237222e+41 8.461631283507971e+41 3.2570517987187507e+41 9.292918477302788e+41 6.172783191942605e+41 5.8962089912319985e+41 3.881827769408231e+41
242.9 3.264189779720182e+42 1.7894086555321588e+41 2.5183734164747872e+42 1.706090154555989e+41 2.0618477325860947e+42 1.4278926505452855e+41 8.590491307970838e+41 4.29260081176409e+41 9.074818250587794e+41 6.579055370031725e+41 5.679772222562483e+41 4.0740599652981525e+41
248.2 3.263862952730352e+42 1.7762199935037956e+41 2.4231386585474718e+42 1.6803781845926016e+41 2.1253772873883527e+42 1.4236215148408849e+41 8.903124115577117e+41 5.36538584796777e+41 8.827387307201337e+41 6.76986345955781e+41 5.4247323826999884e+41 4.114438565430513e+41
253.0 3.176136291278421e+42 1.7192944997106865e+41 2.6314033630181373e+42 1.683500983255164e+41 2.1545733821244236e+42 1.3868347647465516e+41 9.29445309780129e+41 6.258698228116595e+41 8.613022114283151e+41 6.767410694967469e+41 5.186140496277466e+41 4.031316943386079e+41
257.8 3.0384848663649685e+42 1.660856873676702e+41 2.8022909492883866e+42 1.7135283369126823e+41 2.1252011102292417e+42 1.3812843887094853e+41 9.75832436313729e+41 7.055862487748959e+41 8.420171212336249e+41 6.6283508899639256e+41 4.946590695124066e+41 3.8555840137541365e+41
262.4 2.958032387544554e+42 1.7306685733309802e+41 2.6878531018184535e+42 1.7926081107033487e+41 2.087223998840088e+42 1.3971002461748182e+41 1.0248649907784732e+42 7.711370137448458e+41 8.261144947616039e+41 6.3823892001460486e+41 4.719480909100571e+41 3.6149619412086794e+41
267.9 2.8696857756478667e+42 1.9269201585225625e+41 2.5710209342288058e+42 2.0492904408475194e+41 1.9720725506312847e+42 1.6467747178520032e+41 1.0867472053269121e+42 8.320559534503007e+41 8.104973661963579e+41 5.94416295628044e+41 4.4530941572906555e+41 3.246353279196688e+41
306.7 2.6573572710464592e+42 1.5693910544264727e+41 2.3538851239049422e+42 1.7874114819600457e+41 1.6199718463928943e+42 1.7043383663031285e+41 1.1817521162238698e+42 2.160014125546376e+41 6.125168243065379e+41 6.405606050921628e+40 2.5475052186731813e+41 6.714370295186237e+40
313.7 2.6565398183523767e+42 1.769650406836268e+41 2.3410574353040182e+42 1.949671087384351e+41 1.5615679819134977e+42 1.6642792709720762e+41 1.0148224471868797e+42 1.911718383012816e+41 7.600313196663668e+41 7.132604736068521e+40 2.2871271780240256e+41 9.376968157238692e+40
320.9 2.3318795124251233e+42 1.3219411006714467e+41 1.8630964748303802e+42 1.467686516193154e+41 1.2797442882894052e+42 1.3617276942942774e+41 8.399285424998868e+41 1.6899260035950926e+41 nan nan 2.1082779687343456e+41 1.013531439115668e+41
327.5 1.881411636725004e+42 1.1292384765404928e+41 1.5134033740648864e+42 1.2272241366068982e+41 1.1285382195718838e+42 1.2977706401848743e+41 6.466062175612129e+41 1.8929938421970423e+41 nan nan 2.0312366020813242e+41 9.409970947008889e+40
334.3 1.6908382733666677e+42 1.1501173713582726e+41 1.3178312537803064e+42 1.4484405680941931e+41 1.1017998521480461e+42 1.5368420946948194e+41 nan nan nan nan 2.0639111630914336e+41 7.531653534364621e+40
341.4 1.6806261116255263e+42 1.3640383035781388e+41 1.4103542374639424e+42 1.6077319416047792e+41 9.93927717739407e+41 1.765913412420771e+41 nan nan nan nan 2.2907014409696357e+41 4.496527921589336e+40
